1.005883570202027233e+00 1.204868181918543391e+00 4.773567554102907451e+00
1.024281949074574039e+00 1.240831798973836886e+00 4.776495135392981872e+00
1.055838068658642603e+00 1.295049896981049997e+00 4.770610188996678325e+00
1.094023061627013238e+00 1.351933552090153867e+00 4.741808992995037109e+00
1.128595485017019451e+00 1.403794854439629924e+00 4.675289500696050204e+00
1.148711390431870649e+00 1.461302747669356972e+00 4.560940788766420617e+00
1.136675771779009247e+00 1.550834249500716355e+00 4.393171928171399010e+00
1.084498924000119047e+00 1.689203690396188229e+00 4.163989192367797187e+00
1.025673437780928232e+00 1.833736607199689672e+00 3.879144055301019023e+00
9.923400502991919225e-01 1.927718983303415179e+00 3.582574781433630839e+00
9.785059626076517691e-01 1.982440806304117231e+00 3.322015317067785745e+00
9.561423394566039846e-01 2.030573947358840226e+00 3.095621192165525670e+00
9.028361679950912544e-01 2.083486984226827321e+00 2.872976500578470649e+00
8.443050652147181534e-01 2.141001117500652029e+00 2.655868796143139310e+00
8.312489910737175247e-01 2.198128001230843065e+00 2.465236533013857034e+00
8.835247998836133210e-01 2.263385523612703842e+00 2.294231584056760642e+00
9.766580800616179170e-01 2.345247861840492831e+00 2.111184972069389598e+00
1.049059269598838773e+00 2.428620924302944850e+00 1.889126354934701713e+00
1.052307750854377000e+00 2.507210456634270113e+00 1.631982281311775029e+00
1.003098898954646101e+00 2.599358132363883911e+00 1.390265712247398033e+00
9.545109110262421925e-01 2.699358640440295609e+00 1.217763870903638690e+00
9.365299790163594817e-01 2.782933075265465739e+00 1.112412919009232226e+00
9.464918697707479511e-01 2.847663160335861754e+00 1.043148759796339364e+00
9.692460157320801351e-01 2.900832070948178742e+00 9.892823746026304654e-01
9.911538642960289192e-01 2.942548863387432156e+00 9.449612120751691435e-01
9.972582492996233672e-01 1.253193904319058305e+00 4.778921811923894758e+00
1.019792539119211527e+00 1.282460086892712070e+00 4.774751603836981495e+00
1.054042352258010906e+00 1.330579318429027325e+00 4.761998880191180561e+00
1.091252596301587552e+00 1.384042299737858750e+00 4.730300942415287757e+00
1.119290033548848040e+00 1.437393088539164587e+00 4.668930009409477222e+00
1.127281701051086049e+00 1.502312995174561960e+00 4.566772173316453909e+00
1.107567049806018167e+00 1.602184403545791502e+00 4.408381459824690651e+00
1.068065690281235103e+00 1.744223752622825696e+00 4.175639929734125566e+00
1.036087648215818335e+00 1.888712660607436478e+00 3.874860051245105019e+00
1.022874393527736903e+00 1.989947049774110077e+00 3.565122720616036744e+00
1.013878394242967662e+00 2.052838998394605596e+00 3.306615484758573142e+00
9.814946642606887650e-01 2.101845064594793477e+00 3.087736762053099770e+00
9.084546921139943221e-01 2.145627803172335923e+00 2.868244078536928754e+00
8.336632965190273747e-01 2.188119101178124026e+00 2.655362556993972056e+00
8.175102601833728055e-01 2.236348553412053519e+00 2.475818863153973037e+00
8.780829497275626228e-01 2.305512761688936596e+00 2.319678434684197654e+00
9.852904098855512771e-01 2.399299053149055894e+00 2.153902503813015734e+00
1.070917416408989853e+00 2.492314086925543570e+00 1.954225020435108817e+00
1.084018759230401585e+00 2.571021461413068199e+00 1.717120312347574451e+00
1.036409962531971152e+00 2.653552662748724256e+00 1.473777497446308704e+00
9.804422575906588389e-01 2.742037363997219757e+00 1.279689923616363689e+00
9.556447157530802983e-01 2.817358188259175389e+00 1.152489258177194387e+00
9.637433967860578043e-01 2.876835102576123404e+00 1.068332890537461832e+00
9.879241530395744819e-01 2.927947779561298702e+00 1.004021623803135643e+00
1.013164782354545101e+00 2.971076717144644164e+00 9.502110507512639970e-01
9.872111762116795308e-01 1.319723008408185683e+00 4.759763569278645079e+00
1.009380830763784820e+00 1.337570648844317311e+00 4.752288031725414363e+00
1.043210847903190741e+00 1.377621579199125534e+00 4.736361405350471898e+00
1.078215914289899269e+00 1.429447109227063084e+00 4.703711039367600044e+00
1.099158000395614954e+00 1.489911040013823795e+00 4.645654548040461407e+00
1.094755535467329510e+00 1.570691389453316766e+00 4.550568816889326129e+00
1.069867949096223958e+00 1.686789490319510865e+00 4.398618383331763582e+00
1.049601228539036812e+00 1.830147502545345528e+00 4.166227358814397874e+00
1.051124810195322112e+00 1.964575048747379649e+00 3.859742636248263636e+00
1.059071976543863869e+00 2.061592965351256357e+00 3.549661958676109563e+00
1.051953633511959918e+00 2.128769209565887888e+00 3.300054629572179543e+00
1.007927247590101771e+00 2.183468710079382813e+00 3.087330061642983292e+00
9.149422259546985403e-01 2.226586250871737338e+00 2.866508695083128888e+00
8.251969699932956148e-01 2.261271844371997464e+00 2.655587815152176123e+00
8.061477061163140334e-01 2.302543075159680708e+00 2.486184382737719467e+00
8.706664203296808902e-01 2.370457617348095347e+00 2.342676160006617714e+00
9.849088986118479383e-01 2.467016050169141383e+00 2.190809204560164147e+00
1.079243316968878208e+00 2.563313890582991750e+00 2.011911957174681298e+00
1.104896436817965455e+00 2.644457755899847662e+00 1.803531516658781531e+00
1.069551159096122639e+00 2.727303346954299101e+00 1.579974431968900639e+00
1.014282059657475532e+00 2.813271503297561260e+00 1.380074877023046653e+00
9.816589693208075396e-01 2.883864176457175965e+00 1.231401407912154244e+00
9.826998561577185987e-01 2.936645953644096085e+00 1.125715754069241292e+00
1.002515209389242656e+00 2.981301672037406814e+00 1.044711936643078598e+00
1.024833180679519451e+00 3.020524874338698762e+00 9.780663985161237584e-01
9.805520861304263258e-01 1.418651280332898557e+00 4.713687440233285564e+00
9.990354636832915469e-01 1.417732455168586370e+00 4.706739041758249087e+00
1.029741227815214932e+00 1.445810284199275708e+00 4.690840949653598102e+00
1.060604501822296708e+00 1.497738259313863063e+00 4.657790884224350059e+00
1.073410310854090000e+00 1.572073769157650291e+00 4.599249944284532710e+00
1.059062854981194901e+00 1.675426199658779369e+00 4.504070502981011082e+00
1.036146785131153214e+00 1.806041005655811382e+00 4.353564924975801276e+00
1.039440663833275602e+00 1.939880886650065417e+00 4.125477400995707811e+00
1.070880937685015688e+00 2.048962392457239545e+00 3.829131992585306676e+00
1.093884539845421333e+00 2.128420823965085251e+00 3.538403818766470366e+00
1.086023013673488968e+00 2.196242596946912151e+00 3.306714177205053673e+00
1.031380309408483908e+00 2.262777408881219365e+00 3.099709056656997586e+00
9.222737782956687003e-01 2.317890033696819785e+00 2.876257380172082545e+00
8.215145843608862020e-01 2.356942404030846205e+00 2.666535677385530878e+00
7.986761672673683421e-01 2.396103197266670204e+00 2.504081926478914699e+00
8.604958699591289673e-01 2.459407744069874280e+00 2.369144942337577664e+00
9.723201254410693828e-01 2.550845500128497978e+00 2.228405025631268632e+00
1.068257584006483407e+00 2.644551013806904383e+00 2.068543181787560581e+00
1.104289857775739625e+00 2.729272377233006086e+00 1.891588752172844945e+00
1.086693608534866407e+00 2.822772967024118174e+00 1.704005961567070404e+00
1.043078763353322280e+00 2.921619090797646034e+00 1.524527501120619188e+00
1.008383644719050176e+00 2.998244160023802340e+00 1.372016791396499791e+00
9.999992899017901005e-01 3.046480041004397066e+00 1.247670913306270446e+00
1.008502013996138258e+00 3.081502642145065529e+00 1.145250457282396495e+00
1.018820217482726109e+00 3.112524154522550379e+00 1.060566800365254636e+00
9.910669135347904835e-01 1.559705290922260845e+00 4.644161592911084213e+00
1.005581604944162599e+00 1.539187392999956661e+00 4.637642719197570429e+00
1.030840789599050566e+00 1.552631208503933546e+00 4.620578215254169230e+00
1.054732198483377736e+00 1.604746112011283365e+00 4.583557213000521102e+00
1.058892950511742148e+00 1.694238633179613762e+00 4.518228372808177795e+00
1.039623286964618698e+00 1.813892682763843744e+00 4.416658267327308707e+00
1.024058481787581520e+00 1.942020414389856287e+00 4.266266663485372312e+00
1.044450271804207464e+00 2.049387811547933591e+00 4.050459759099558354e+00
1.090298180269472672e+00 2.123114033169036574e+00 3.783175089490890652e+00
1.119686501732947814e+00 2.180705022654781722e+00 3.531638365841443861e+00
1.112452423811771451e+00 2.248490687331777149e+00 3.327150956931626880e+00
1.053070741473643768e+00 2.331294199658785260e+00 3.128027322322975756e+00
9.363053664859317671e-01 2.409114895019863312e+00 2.903779104452494764e+00
8.290574196163280618e-01 2.463376182197445807e+00 2.694443977384939792e+00
7.997978375809902118e-01 2.505129337797511013e+00 2.534202868109756590e+00
8.520808080647662708e-01 2.561916265467700349e+00 2.403487912011540217e+00
9.522198461339982378e-01 2.643223823889500501e+00 2.273256770748264266e+00
1.041284883955715390e+00 2.731354169962503242e+00 2.134762358207026978e+00
1.081649168454443588e+00 2.820444582510112763e+00 1.991452780805453848e+00
1.079597982060340078e+00 2.929126423692731240e+00 1.843956083439246552e+00
1.053237054173784548e+00 3.050925511164149562e+00 1.697967766879285190e+00
1.025677913329507529e+00 3.146502258874628311e+00 1.563045041570826132e+00
1.012723452134867586e+00 3.200154968250313647e+00 1.440013693206500633e+00
1.008962105222570793e+00 3.230342298686456282e+00 1.328681573340833699e+00
1.002584863865764842e+00 3.254923436648372803e+00 1.232393209145889124e+00
1.028150503607157873e+00 1.723900182453986796e+00 4.553855657592717598e+00
1.042344695012481504e+00 1.701329508166369298e+00 4.541749262678614230e+00
1.062173239572086869e+00 1.708874118520630869e+00 4.516118921800694963e+00
1.076962394598447448e+00 1.759693941600875666e+00 4.467815699818412867e+00
1.071998631894116372e+00 1.851152899885504910e+00 4.390830287180611080e+00
1.049187111346411960e+00 1.961826376629216107e+00 4.283543687954630030e+00
1.036042291381942038e+00 2.062829691648372599e+00 4.140325769577551718e+00
1.057921305204291285e+00 2.134848924696187034e+00 3.949927502999302398e+00
1.102351603134079649e+00 2.179387562916997201e+00 3.728168041477129879e+00
1.132889754114223546e+00 2.222826467086133295e+00 3.526250639345889226e+00
1.128752496282622531e+00 2.291500708188400903e+00 3.352897117106420133e+00
1.072231961645884191e+00 2.389437845145477191e+00 3.165433909990492012e+00
9.597178216208581691e-01 2.492034834110210095e+00 2.945555712853554997e+00
8.527705880923015513e-01 2.566549672611724286e+00 2.737903683842481950e+00
8.161621499204523289e-01 2.614834060123023995e+00 2.576731419459110217e+00
8.549848604653796924e-01 2.665244481203970839e+00 2.446502478127498215e+00
9.374040422731182431e-01 2.734962287549863813e+00 2.326399897554323637e+00
1.012241514166052569e+00 2.817431420195211089e+00 2.212801863139349123e+00
1.049279640848432837e+00 2.909865236989276127e+00 2.104332744819904288e+00
1.055790527330837447e+00 3.027617706318133983e+00 1.991485288570745915e+00
1.045703629092977982e+00 3.163623242615418718e+00 1.871187453462189954e+00
1.031552405352937463e+00 3.274236247144401091e+00 1.753845903624560165e+00
1.022928625196425578e+00 3.337147313352615274e+00 1.646701684134691757e+00
1.016999363080238972e+00 3.369276351931127511e+00 1.551812435144284130e+00
1.006530048423652790e+00 3.391391525685993447e+00 1.472134948982626090e+00
1.082366267390097336e+00 1.862005234623702377e+00 4.439853493371503035e+00
1.096517334742528771e+00 1.855168245990522990e+00 4.415889815031595056e+00
1.109781553898226747e+00 1.870394909034185815e+00 4.373579405886561133e+00
1.112491250738988802e+00 1.917676500576221521e+00 4.308332144820844256e+00
1.095779490150967206e+00 1.992193300606074136e+00 4.220799325915165490e+00
1.066916317418781235e+00 2.072987332130164173e+00 4.115623753330922341e+00
1.051051726048130242e+00 2.141446935699589993e+00 3.990819356242603089e+00
1.067657239952221060e+00 2.190798839497445805e+00 3.838267219881635217e+00
1.105138292389417964e+00 2.226193550794288267e+00 3.669708176844268532e+00
1.132525563972057725e+00 2.268890118654616206e+00 3.514529319625480319e+00
1.128660801340181319e+00 2.341069752097220125e+00 3.367233681554946845e+00
1.078386223406180733e+00 2.448395031702986557e+00 3.192901594310352476e+00
9.818924502041368463e-01 2.566555075691234311e+00 2.985637385493431495e+00
8.867565168305937551e-01 2.657669183973882188e+00 2.787823247053234255e+00
8.474495387759848342e-01 2.715836489977085488e+00 2.629310696185322538e+00
8.730990802749272195e-01 2.764737699101219803e+00 2.499588495801380539e+00
9.356148987857706434e-01 2.826298978338428913e+00 2.388023331345490607e+00
9.919739191288439173e-01 2.904619868788756776e+00 2.296283128759230685e+00
1.019290593970791248e+00 2.997743494377827833e+00 2.216196914141567831e+00
1.026310091316922302e+00 3.113191386279922312e+00 2.129910430512957031e+00
1.027740516719002350e+00 3.243233894140792994e+00 2.028794133479596251e+00
1.029557988073689589e+00 3.350336684954152489e+00 1.924145436419208766e+00
1.033307115847433844e+00 3.412780104536298431e+00 1.832913840279348561e+00
1.037348397607477546e+00 3.443768687378101934e+00 1.763587815915643509e+00
1.039424844026681338e+00 3.462036475001245339e+00 1.717128964034654093e+00
1.132930536154975076e+00 1.933805211373013533e+00 4.298581122186212689e+00
1.136710947751089495e+00 1.939388272921073186e+00 4.260290490164702959e+00
1.133038539862294858e+00 1.959688428886267708e+00 4.198475483658782537e+00
1.116330312620533061e+00 1.999019704165126976e+00 4.116658983788101800e+00
1.087030981770787275e+00 2.053860234190359790e+00 4.024995298945740707e+00
1.058151916341596888e+00 2.114603887400240190e+00 3.931841101224105905e+00
1.049673140349561606e+00 2.174714793428230930e+00 3.833711653227698246e+00
1.069580783147144443e+00 2.229606758667848077e+00 3.721792581488818641e+00
1.101021289597201136e+00 2.278921983450747923e+00 3.601408969648746794e+00
1.118451263119998318e+00 2.335918485276236023e+00 3.483092524412572555e+00
1.107631296493555517e+00 2.417261733313420979e+00 3.353906635925544943e+00
1.062870350974211009e+00 2.526665505320417893e+00 3.192528941977540224e+00
9.901427452071674962e-01 2.643294236132032626e+00 3.007336410669291471e+00
9.193567421296910958e-01 2.738236768317704239e+00 2.833160730782082304e+00
8.864063480835827624e-01 2.805819411879819647e+00 2.688050591517995525e+00
9.013346987254513554e-01 2.861385908511633769e+00 2.564499547714117256e+00
9.423680736442583417e-01 2.923849694139172506e+00 2.460557224890779437e+00
9.766912438429239396e-01 3.002681762250566599e+00 2.381953608942823930e+00
9.902330430076068390e-01 3.096540585454558681e+00 2.318873509659887144e+00
9.935905190123102138e-01 3.202524238642147303e+00 2.252089178036408068e+00
1.001372853049194545e+00 3.310295352455033147e+00 2.171110194699524598e+00
1.016342947461462032e+00 3.396428504705035767e+00 2.083517393430515785e+00
1.034487837603573990e+00 3.447143722249218722e+00 2.007855525026374544e+00
1.052429686281622034e+00 3.471667307184805651e+00 1.956635662716400770e+00
1.068912334175252221e+00 3.484856393143927367e+00 1.929705480272763563e+00
1.162685721910066583e+00 1.948405739306271922e+00 4.132069792224194238e+00
1.143544960692152390e+00 1.960787696003086777e+00 4.073289423110091789e+00
1.113450481938046632e+00 1.981920878176833156e+00 3.991153294326561962e+00
1.076525732806831614e+00 2.013634894463922631e+00 3.901294552841712004e+00
1.042987981492925265e+00 2.056554345364197012e+00 3.820245922816328132e+00
1.026106066120907601e+00 2.113560919876730004e+00 3.749952500227160090e+00
1.036243174264473321e+00 2.187710142557626636e+00 3.677744785118908677e+00
1.066754626763116498e+00 2.271392190281536383e+00 3.595203257190167534e+00
1.092493515785295966e+00 2.353790738413482853e+00 3.508407032027187622e+00
1.095459859600051988e+00 2.436944996154760457e+00 3.416477589147211447e+00
1.074455186456118927e+00 2.528623167711783193e+00 3.302399883373326794e+00
1.035151056240771084e+00 2.630149136546763522e+00 3.158611640698026246e+00
9.876522507518985527e-01 2.729589399856614751e+00 3.004706700462503655e+00
9.467638128460823532e-01 2.813990956927643783e+00 2.865279674292422918e+00
9.276258547429445667e-01 2.883722431076331194e+00 2.744016860681050218e+00
9.342151325637054748e-01 2.948789059837597204e+00 2.633709466897646401e+00
9.513483037633421180e-01 3.021924460244989952e+00 2.538702484526119907e+00
9.602355317428061809e-01 3.111210784166980936e+00 2.468182851855861948e+00
9.590896764995494594e-01 3.211746749801055234e+00 2.415386276143252964e+00
9.599047612406944596e-01 3.309022385338845407e+00 2.363817958337636416e+00
9.714163301237617176e-01 3.390722987950705924e+00 2.303504870222896628e+00
9.924497959763877164e-01 3.448493366473807775e+00 2.237364015409553097e+00
1.018161997128101071e+00 3.480259573882373836e+00 2.177111056362623476e+00
1.044472262040765376e+00 3.494024975549765433e+00 2.132046797674656879e+00
1.068838351289108646e+00 3.500567658388593628e+00 2.102984904919866338e+00
1.162042047710010184e+00 1.949435529568776193e+00 3.939974957544172263e+00
1.115611869801506728e+00 1.972220611674171842e+00 3.855379270801715830e+00
1.064809757078974517e+00 1.999510067217654452e+00 3.763422624787594817e+00
1.022288712463087723e+00 2.029862099163790123e+00 3.686108850018776195e+00
9.980451778621171055e-01 2.066605153998723132e+00 3.630431959987235224e+00
9.980289610957755464e-01 2.122880818496114763e+00 3.582811432752123437e+00
1.024287096606784075e+00 2.214352345842146796e+00 3.523952211567829007e+00
1.060510819978919272e+00 2.336210745603099603e+00 3.454065465954037073e+00
1.078722997335941347e+00 2.460347209905914490e+00 3.386132782071023417e+00
1.071534901534537898e+00 2.566460799469532983e+00 3.313396303967782952e+00
1.047003097658591564e+00 2.656681849418928820e+00 3.218822316088772784e+00
1.015648283427109444e+00 2.740245371983607292e+00 3.102125908344241623e+00
9.891649337636855277e-01 2.817188798330438448e+00 2.984155445827595177e+00
9.735219368053581457e-01 2.884731365878061116e+00 2.880340302654397888e+00
9.687463602361970905e-01 2.947330681430057275e+00 2.786523510634932865e+00
9.694422370017649060e-01 3.015383227238537245e+00 2.695638463270207286e+00
9.640348801265457013e-01 3.100596649448225328e+00 2.614023406032476959e+00
9.488057325558285626e-01 3.207800045385353016e+00 2.552716512454663356e+00
9.354724793901798563e-01 3.322637898953934688e+00 2.509758816900470091e+00
9.354062921218104787e-01 3.418911813913492637e+00 2.472704368479083925e+00
9.479969088607062000e-01 3.484109733642851481e+00 2.432500143748530963e+00
9.667538518133103054e-01 3.520236175706977555e+00 2.387894160298023927e+00
9.878632145341953441e-01 3.534072657326420952e+00 2.341686149052944810e+00
1.010207387063007278e+00 3.534814659894716993e+00 2.297130851307941590e+00
1.032326476788533176e+00 3.531690250298864076e+00 2.257429674767978955e+00
1.128032038408073090e+00 1.969889935659159264e+00 3.701814110210711384e+00
1.066684579333854854e+00 2.009154998749806076e+00 3.609120746458916784e+00
1.015591375141511321e+00 2.047353215640556723e+00 3.536142070726215003e+00
9.845666899577417697e-01 2.080356304287433122e+00 3.490849993093918080e+00
9.756700876203950878e-01 2.114905274655452416e+00 3.462172680783822898e+00
9.883357461860923232e-01 2.172157520924331564e+00 3.427766532121125476e+00
1.019316454436782760e+00 2.278467065877102016e+00 3.371239873914915641e+00
1.048158612221873121e+00 2.431861376163773514e+00 3.306393615990554036e+00
1.056031627295009212e+00 2.583676945279112847e+00 3.252470065221069628e+00
1.047772071425915996e+00 2.693851800588477285e+00 3.199480572478155427e+00
1.030386044056377681e+00 2.770471201281933915e+00 3.130971137069885835e+00
1.011083312136760171e+00 2.834702378964201852e+00 3.045808670893944914e+00
1.000374175800013754e+00 2.893530573584552457e+00 2.959366438339785077e+00
1.000540230354510562e+00 2.946508137705309949e+00 2.882628775302351176e+00
1.005111270276495716e+00 2.998424182460890375e+00 2.812841607925872456e+00
1.002872645601977197e+00 3.061835512612943067e+00 2.745913148303778417e+00
9.837565504524627968e-01 3.152366804432488845e+00 2.685954641714969338e+00
9.544398524377487592e-01 3.274342923872361144e+00 2.640465648652012831e+00
9.350191577926969533e-01 3.404199296478113812e+00 2.609936103904296090e+00
9.333015985299608630e-01 3.506888237110657780e+00 2.586501656180631326e+00
9.410612111191358764e-01 3.569966115960847564e+00 2.563166533345762943e+00
9.489839651011141575e-01 3.600621656570243356e+00 2.536150782653276980e+00
9.547591875685630392e-01 3.609027561874860179e+00 2.502407861348142859e+00
9.607540141116698296e-01 3.603942990443041339e+00 2.461226889253006256e+00
9.685179118531119791e-01 3.594374771152969217e+00 2.416547770574449583e+00
1.066125424670848698e+00 2.018250063957620188e+00 3.393369009054217234e+00
1.019309298489503579e+00 2.071050836841951792e+00 3.335875488030330960e+00
9.879328005993449624e-01 2.120038718619992490e+00 3.310098317058625117e+00
9.749798081422690332e-01 2.161564041645316347e+00 3.303696594745023418e+00
9.791586524682034387e-01 2.203758168954899954e+00 3.297332834405642732e+00
9.964776225657391295e-01 2.269456335040514361e+00 3.271695884227815654e+00
1.018628350795814264e+00 2.384650441587015557e+00 3.220499730101106461e+00
1.028347011671304934e+00 2.542902473514824013e+00 3.167822223918454583e+00
1.024765515899201951e+00 2.690756031299423423e+00 3.132450769311686756e+00
1.020881404088499256e+00 2.790383461972168355e+00 3.102124428959163183e+00
1.017155833813683019e+00 2.854889037657538431e+00 3.060787231159782351e+00
1.013180914315808145e+00 2.907384255370181414e+00 3.003811107715338657e+00
1.014725568873887207e+00 2.955732355264341749e+00 2.940184962006780811e+00
1.022990339142041183e+00 2.999521035284975490e+00 2.880820607346192830e+00
1.031514525454700681e+00 3.043341776192682868e+00 2.829967641286773361e+00
1.028670506670438689e+00 3.101285729090845322e+00 2.789226779256125610e+00
1.006749594954492233e+00 3.191811907287505967e+00 2.760228690502782189e+00
9.772650068321028227e-01 3.318726450503307390e+00 2.742148651958928873e+00
9.596523668647445326e-01 3.455083570181659347e+00 2.729900668154062071e+00
9.550601044639608350e-01 3.564887190568718278e+00 2.717350083789618065e+00
9.522457345708608134e-01 3.635967649393884393e+00 2.702891071251144695e+00
9.439433362051150578e-01 3.676357531810336088e+00 2.685383379401449666e+00
9.306110785705848931e-01 3.696464861075310360e+00 2.661385494965481158e+00
9.166697673675532343e-01 3.703404590455851242e+00 2.628961140597991797e+00
9.055656777801452950e-01 3.704321694755307259e+00 2.590330186551943026e+00
9.880331116337177644e-01 2.094222556905206645e+00 3.023948651178736569e+00
9.844761878089420826e-01 2.144282666722781450e+00 3.032404325641100407e+00
9.855568873040254640e-01 2.200978857613009154e+00 3.063150975733696768e+00
9.914632659410187454e-01 2.260552950249335336e+00 3.095750599537712588e+00
1.003356799730542370e+00 2.323610013331586011e+00 3.111352194944018379e+00
1.016033014237235133e+00 2.402442511090267185e+00 3.100489290751030413e+00
1.018851617067952242e+00 2.511585597576722506e+00 3.070136730814109871e+00
1.006532286887564354e+00 2.643749211397595555e+00 3.043893374383396022e+00
9.937216947272027312e-01 2.765362451926091314e+00 3.032847370313761282e+00
9.944336776149794721e-01 2.853405700928734134e+00 3.026168462040609075e+00
1.003968738294432006e+00 2.915095486056668683e+00 3.009717888512937201e+00
1.014851507235369210e+00 2.965623069368150233e+00 2.976228290786758546e+00
1.026620087382902557e+00 3.010486812190514172e+00 2.930368352106543117e+00
1.039067160502221476e+00 3.049779200972571047e+00 2.885318301286490694e+00
1.047997107642646641e+00 3.089957550393092500e+00 2.854223755397097051e+00
1.044973337917157741e+00 3.147371635886615948e+00 2.844540316702565796e+00
1.025726747715246079e+00 3.239840659298908410e+00 2.854957033047907267e+00
1.003045295978395757e+00 3.365216724891905820e+00 2.874017274829031798e+00
9.905349333662689659e-01 3.496068658401745299e+00 2.885388009916753482e+00
9.828664419608957870e-01 3.605770588501834961e+00 2.881389176902950489e+00
9.693014297379889399e-01 3.686261204812506964e+00 2.868047832112393891e+00
9.467465664307199713e-01 3.743249153467719914e+00 2.852267853865305902e+00
9.189705627414359590e-01 3.785231608360704048e+00 2.834831287987555903e+00
8.918074826716883008e-01 3.818254872899111696e+00 2.814789855277565422e+00
8.692327584165071563e-01 3.847147290657990215e+00 2.792297506740291091e+00
9.071371336522642270e-01 2.195241482491783636e+00 2.643029576610448128e+00
9.523246486665848387e-01 2.229572853576703650e+00 2.704012231658443621e+00
9.934360164032927099e-01 2.287382673325709881e+00 2.777640260125818550e+00
1.023392819863353731e+00 2.365544581698287629e+00 2.844745679076992495e+00
1.040927096684272080e+00 2.450856351878720307e+00 2.887408103411114979e+00
1.042624394144594291e+00 2.536275259884655409e+00 2.904136358620796443e+00
1.023855151740708402e+00 2.625989666531885369e+00 2.910807256627567341e+00
9.941201390851246433e-01 2.721551188768425611e+00 2.922494946508583435e+00
9.753905405811191809e-01 2.814599939161551490e+00 2.941547349903910646e+00
9.786244680202562662e-01 2.896098493825567388e+00 2.961196425007539546e+00
9.964922025412755735e-01 2.963945580680787728e+00 2.969633395818624511e+00
1.017789992875310245e+00 3.021009164561206717e+00 2.958663164673335899e+00
1.037213721923600840e+00 3.068279831580594585e+00 2.932793214815872851e+00
1.051434700927281529e+00 3.107278214003899031e+00 2.909587785651700287e+00
1.057871661649279815e+00 3.149493420784074793e+00 2.909633560400366470e+00
1.052684979720643454e+00 3.215106993347128128e+00 2.941636919933311667e+00
1.035083782904219651e+00 3.316711926311215031e+00 2.996993742051068388e+00
1.017431015620948287e+00 3.438686158282778571e+00 3.052874445588556362e+00
1.007881656807326998e+00 3.552620236160408673e+00 3.086829203569147140e+00
9.986342349372119287e-01 3.647769202946549605e+00 3.093677690887535192e+00
9.808204515360305908e-01 3.727121707251788152e+00 3.083949093097788641e+00
9.533083883060862185e-01 3.795464692589996414e+00 3.070127211722961214e+00
9.214732991206022739e-01 3.857107707583997236e+00 3.058800456808631552e+00
8.923078494801937044e-01 3.915652649592906709e+00 3.053001564534624013e+00
8.700580657197345413e-01 3.973810948395517961e+00 3.053638561155194608e+00
8.389914956645502242e-01 2.305916651952961693e+00 2.315843315797807556e+00
9.126470601698519758e-01 2.327706921897494841e+00 2.387301386294987449e+00
9.879622145017041834e-01 2.381643735441677734e+00 2.472416389583558249e+00
1.046477278401617639e+00 2.466014936818868186e+00 2.558085425325440365e+00
1.074781185037261055e+00 2.558369665104868407e+00 2.627668433646327184e+00
1.069199103533053918e+00 2.639765455271009476e+00 2.679898785254263949e+00
1.035478482503610742e+00 2.711396165732796515e+00 2.730283361127407105e+00
9.955911396992727092e-01 2.781262351899894458e+00 2.785894778050414189e+00
9.745754720082560052e-01 2.855501015388049346e+00 2.842694758714476855e+00
9.793863129527057287e-01 2.935684115654219717e+00 2.894745892759915673e+00
1.000032126206884309e+00 3.014700236962335467e+00 2.931181243134366898e+00
1.024825070051932352e+00 3.083548808375362160e+00 2.945690247700562203e+00
1.046622897926502871e+00 3.137741864823525351e+00 2.948032128455763790e+00
1.059082917826239534e+00 3.181899621104991471e+00 2.962255788305115267e+00
1.060702692663852087e+00 3.234675641252206191e+00 3.008772211851767242e+00
1.051695799994530667e+00 3.318032935331738820e+00 3.087244264176056241e+00
1.034448220785570971e+00 3.432008471927621152e+00 3.179157738668838107e+00
1.020274097030927862e+00 3.545567047093106439e+00 3.257854061625084174e+00
1.012698801502396995e+00 3.634644563489668911e+00 3.309608569055217941e+00
1.004607729027201302e+00 3.703534469344293978e+00 3.339010604114737824e+00
9.907616540810842976e-01 3.766327088919078747e+00 3.353901225435577782e+00
9.698566458719735106e-01 3.831824512038413566e+00 3.359158309317982649e+00
9.445948413894438289e-01 3.901826212386740877e+00 3.361450227717145633e+00
9.209029471595989724e-01 3.975598316584245229e+00 3.369807647537198303e+00
9.034110921817311013e-01 4.052233947595318853e+00 3.390124593160481759e+00
7.848905361878790732e-01 2.406716862282939129e+00 2.076065049482334057e+00
8.641033065080030440e-01 2.425280784785822430e+00 2.129766420245577940e+00
9.554728936393833694e-01 2.474594292450738475e+00 2.197537624044704430e+00
1.036310700078644675e+00 2.551694546147633247e+00 2.276250138115048838e+00
1.081982841457786559e+00 2.634664976921516910e+00 2.356879210599980290e+00
1.081443783883663912e+00 2.707069010563554201e+00 2.437649594305169920e+00
1.044245502096655231e+00 2.771262941246743772e+00 2.528645334693078617e+00
1.001621750511908493e+00 2.834297499738362092e+00 2.630528243323976945e+00
9.821683305961702581e-01 2.904608262856442025e+00 2.732644591006275547e+00
9.887179116256222811e-01 2.988491806275389351e+00 2.822868565020818732e+00
1.007947091484150626e+00 3.077624096078484861e+00 2.889358476077507287e+00
1.029744762249972245e+00 3.156469713212647576e+00 2.932015724785900446e+00
1.048060706864434533e+00 3.217903663946537929e+00 2.969579653296656296e+00
1.056335905929196350e+00 3.271387257029905626e+00 3.029952964085122158e+00
1.054541786228167188e+00 3.341121479387501036e+00 3.123677301556871733e+00
1.044751899801370953e+00 3.444013138240284544e+00 3.237047771149577535e+00
1.031576722173466631e+00 3.563503429680773493e+00 3.346761739873549857e+00
1.023754094135234327e+00 3.663143321855267587e+00 3.434476555153525901e+00
1.020233179553556191e+00 3.730542377278293742e+00 3.504019515526002326e+00
1.015356073545460092e+00 3.778465802803203211e+00 3.569332557827038066e+00
1.007882986586724483e+00 3.825508369697585120e+00 3.629477924523150989e+00
9.965818212568979817e-01 3.884407609968502317e+00 3.671710652415216991e+00
9.801690706682772980e-01 3.955361496269500066e+00 3.695315426272440362e+00
9.615563413284389238e-01 4.032759445023983425e+00 3.712257372090586038e+00
9.451867605695493113e-01 4.111691786104598734e+00 3.733593079696914785e+00
7.365744992236669120e-01 2.490933139531315454e+00 1.911486088542951656e+00
8.111623820603411916e-01 2.510711654619238953e+00 1.944005333742508945e+00
9.044857166247930458e-01 2.554924577599527513e+00 1.986163487188540966e+00
9.969461259345966386e-01 2.618484489824511208e+00 2.042549754416180807e+00
1.061002561104658515e+00 2.685793565750984602e+00 2.115247096112574443e+00
1.076912472700138457e+00 2.749101312905169348e+00 2.208718950959521532e+00
1.047973776699034021e+00 2.814866611673418006e+00 2.332169778839306762e+00
1.005965062596799742e+00 2.888737084891140228e+00 2.479858353488330280e+00
9.844604401364248636e-01 2.971679011660348202e+00 2.627611662293541261e+00
9.876153380272847393e-01 3.063986335134049277e+00 2.752550163432853303e+00
1.002148088957972139e+00 3.156973797509853963e+00 2.845007463830876659e+00
1.019616245183601499e+00 3.237079430031537530e+00 2.914624378858746034e+00
1.035330724118720180e+00 3.300912626245407377e+00 2.987136702240970720e+00
1.043604057483012326e+00 3.363299419465412221e+00 3.088088872151746322e+00
1.042658166102366835e+00 3.449417650617953246e+00 3.217832292834171160e+00
1.034473548896833739e+00 3.565364156374977611e+00 3.353850125236905733e+00
1.027138927222453813e+00 3.682431319345700338e+00 3.472746977553913705e+00
1.027221395599284604e+00 3.770208645259245817e+00 3.569112295140209667e+00
1.030016255551611470e+00 3.827811708559022641e+00 3.661389692528292716e+00
1.029772029668246436e+00 3.871776109775098895e+00 3.765618480819129310e+00
1.025654767425311142e+00 3.921979454562161127e+00 3.867107101686376502e+00
1.016998878579205456e+00 3.989404963588806030e+00 3.939124655367022054e+00
1.003436363914955720e+00 4.067110513629128121e+00 3.978005347282564941e+00
9.873757524402908548e-01 4.144044354468418234e+00 3.996527484968992461e+00
9.723608977150752786e-01 4.214291255979872197e+00 4.007578293791958401e+00
7.031959093826308793e-01 2.562101338620652147e+00 1.795354838593895774e+00
7.718017321092272010e-01 2.581059761505303474e+00 1.812439904910733812e+00
8.613265908905696211e-01 2.617897306435672977e+00 1.835426048315905057e+00
9.566750169496511802e-01 2.669081711142274660e+00 1.873526222709426037e+00
1.033743480296504647e+00 2.725595992908483201e+00 1.936861910227955175e+00
1.070035134973686519e+00 2.784674905244614251e+00 2.035691621741237523e+00
1.057794296481560758e+00 2.856408335803311438e+00 2.181491816613791546e+00
1.015127941743233730e+00 2.949739066053419290e+00 2.364612083220761996e+00
9.781919042932338826e-01 3.056262039069594039e+00 2.543428962847049668e+00
9.657888062276367425e-01 3.161139501092408821e+00 2.686336289327897475e+00
9.722954852254299674e-01 3.253216002203722201e+00 2.793668697745180118e+00
9.887556579934925205e-01 3.326310910854952674e+00 2.886451146765316889e+00
1.009050290276129580e+00 3.386166937679913502e+00 2.992641963240668002e+00
1.024995803871428635e+00 3.453557355800987771e+00 3.130375001402700530e+00
1.027374540559052196e+00 3.549898329452362944e+00 3.290653481687437765e+00
1.017219341893589757e+00 3.668949662018043956e+00 3.445570336211460027e+00
1.009416055137581925e+00 3.779167396618353436e+00 3.575235325311196810e+00
1.012741260983112346e+00 3.861023922551035437e+00 3.686349906598088033e+00
1.021412543500053616e+00 3.921153860876725794e+00 3.805133214044158940e+00
1.027066623076438479e+00 3.978450757238791269e+00 3.941461059564245417e+00
1.025369363082977436e+00 4.051338795317867003e+00 4.066338981971615141e+00
1.017476470205946670e+00 4.140053625268449444e+00 4.150196478459953653e+00
1.007479696850391848e+00 4.226556934967399037e+00 4.193510163819133219e+00
9.981656971840298098e-01 4.298868471628670918e+00 4.210367949061240012e+00
9.908616079869485560e-01 4.355541915759811644e+00 4.213801214090509006e+00
7.112588809901869702e-01 2.626930592327332281e+00 1.698206751875203313e+00
7.706313197230946210e-01 2.640577823829708848e+00 1.707666384709146667e+00
8.482300095153273434e-01 2.668466797806435586e+00 1.723597609607445458e+00
9.350542398197574379e-01 2.711772313653064259e+00 1.757412298070757162e+00
1.016274824922714926e+00 2.766380052250145383e+00 1.821895759862253827e+00
1.070988954152344741e+00 2.829416283898204210e+00 1.927429802189537744e+00
1.078237153951931759e+00 2.908995442275221777e+00 2.083901212218312704e+00
1.034830394483459148e+00 3.017680963453298837e+00 2.281762622188205913e+00
9.741242903612059578e-01 3.146167663021257166e+00 2.471738293289507116e+00
9.364362539262953700e-01 3.267266498251077511e+00 2.617184084822161694e+00
9.290422196801364496e-01 3.363100117031868841e+00 2.729618377692099696e+00
9.427564188659327549e-01 3.430346959751801705e+00 2.842015176079965233e+00
9.705543434339265474e-01 3.482487087902006007e+00 2.983497948865367011e+00
9.992097074118948541e-01 3.546783346468472153e+00 3.161357134642110100e+00
1.007263085036569139e+00 3.640384334706168179e+00 3.352436992127549420e+00
9.915467614406207053e-01 3.750041278776849119e+00 3.525453148359050992e+00
9.745097709072865211e-01 3.850057636298670705e+00 3.668894948407909418e+00
9.734000814515301192e-01 3.930854851916761206e+00 3.798818614139258809e+00
9.858440308393141560e-01 4.003110432095740912e+00 3.942934738393761407e+00
9.999395266771942126e-01 4.085758934872615100e+00 4.100817425744169853e+00
1.006198727865911913e+00 4.187437012634074307e+00 4.233525234235365531e+00
1.006538845779145541e+00 4.290898294863043638e+00 4.315883302371483765e+00
1.006826501545286190e+00 4.374746782256988986e+00 4.355789315541937157e+00
1.008770891732712727e+00 4.435706499283488924e+00 4.370354790571788328e+00
1.011823508694225549e+00 4.479471625080228669e+00 4.372304357997388813e+00
7.812313804715507182e-01 2.698989310124915164e+00 1.589299080579652301e+00
8.167353872341929222e-01 2.705296254435275216e+00 1.604164443537934304e+00
8.659932636090283964e-01 2.723197340289457369e+00 1.629177904001957167e+00
9.308188468282772021e-01 2.759377176480016569e+00 1.672575841288354903e+00
1.008179528281878845e+00 2.815088595060923460e+00 1.744727077760454659e+00
1.077040872882823574e+00 2.885681984535489519e+00 1.854818848848651003e+00
1.101819427435704712e+00 2.972117542447838545e+00 2.010790765015407100e+00
1.061310860884700613e+00 3.087143313727071181e+00 2.207859445843943114e+00
9.825318810041996365e-01 3.227623468121218586e+00 2.400809265854996433e+00
9.203936364413678461e-01 3.362623045114435882e+00 2.549241624309614096e+00
8.936621966138851292e-01 3.468165278905894766e+00 2.667622742429299976e+00
8.954318008180560673e-01 3.539669688557371074e+00 2.795945016013893003e+00
9.233317838128594079e-01 3.589874849580051652e+00 2.967044840523732852e+00
9.638993683749161878e-01 3.644777235896175860e+00 3.182037216787950484e+00
9.825243021941214572e-01 3.720053747356508733e+00 3.401670892924805401e+00
9.656684157588844020e-01 3.807071947303037884e+00 3.589897259375637972e+00
9.390008092649497762e-01 3.892366372750236891e+00 3.745464948510502268e+00
9.308086857516355561e-01 3.974440314862956569e+00 3.892052963499306628e+00
9.465688758043453443e-01 4.065516314841415735e+00 4.056616783577381646e+00
9.724806250524827833e-01 4.178760357382452995e+00 4.230234691986471063e+00
9.922989185733233075e-01 4.302855723031591140e+00 4.366879848102314554e+00
1.004059764896624296e+00 4.407366648507922591e+00 4.445880558835473728e+00
1.012852011183020817e+00 4.480810046269869673e+00 4.483126009976979631e+00
1.020794831704628702e+00 4.531419567837204454e+00 4.498689513609222423e+00
1.028006701434855952e+00 4.568827924432907750e+00 4.504278103520231724e+00
8.862229798115701662e-01 2.781357130114751275e+00 1.465889497724403912e+00
8.844864524882303236e-01 2.784329816448026573e+00 1.498426594535171796e+00
8.958375305514516551e-01 2.794038753261838259e+00 1.543076385533383776e+00
9.330424721620138584e-01 2.821589843564240585e+00 1.601103483640504921e+00
1.000846169969629607e+00 2.874954619687160484e+00 1.679056309952911441e+00
1.076811779684439419e+00 2.948756717430052632e+00 1.787345577315861300e+00
1.115402320537931313e+00 3.036206507448269143e+00 1.936464032624231946e+00
1.084964017650603907e+00 3.148591456969599189e+00 2.129986914900646067e+00
1.003184593499866661e+00 3.289884305691703759e+00 2.330899627912808469e+00
9.269072863641623083e-01 3.430323316802255107e+00 2.494019610477897331e+00
8.817163240840021343e-01 3.544095728601301509e+00 2.627253275460520232e+00
8.641508756900372346e-01 3.627226081003226632e+00 2.770098775423553317e+00
8.799801324327596319e-01 3.686423409842362275e+00 2.958518473222258471e+00
9.246631596416814425e-01 3.736004189512941220e+00 3.195557033790517920e+00
9.573858683530933611e-01 3.788946169486548055e+00 3.434533211050505574e+00
9.497469987410405157e-01 3.848435467821907263e+00 3.633198317958809653e+00
9.231389393259035181e-01 3.916702651658271250e+00 3.796227481195188158e+00
9.131591863682851917e-01 4.001484638443262298e+00 3.954278595568839982e+00
9.339794364572959751e-01 4.115855252128351793e+00 4.135452763338378190e+00
9.717235290917410895e-01 4.259586593226947215e+00 4.325211162836808398e+00
1.002344954986059244e+00 4.396340466659214741e+00 4.469895898755980923e+00
1.018915747094722324e+00 4.493817106908090331e+00 4.551314220756743190e+00
1.027515949610328994e+00 4.556662444167367987e+00 4.591795040056676491e+00
1.032754803489871032e+00 4.601092669094062337e+00 4.613016758052399524e+00
1.036622376947317736e+00 4.637285660315427549e+00 4.625537835565477707e+00
9.610208622124327693e-01 2.860358786725433866e+00 1.359982458020814189e+00
9.311332360540004460e-01 2.870162015025551572e+00 1.407237732896438498e+00
9.152253772978854451e-01 2.880171802353138855e+00 1.465591804554653654e+00
9.312165543253428934e-01 2.902098236871246684e+00 1.531108736299496176e+00
9.869454098826988542e-01 2.949202183563900626e+00 1.607573603062203427e+00
1.062263227568253754e+00 3.017108626107830815e+00 1.708326725319943007e+00
1.112026202428077370e+00 3.094721643262018596e+00 1.850198704026140284e+00
1.100511171512277508e+00 3.194231271224720281e+00 2.044366773880940347e+00
1.032381631435025149e+00 3.327599555922145402e+00 2.261493631284611006e+00
9.550661698997836568e-01 3.467880875810068542e+00 2.450982531625141903e+00
8.967000956788331312e-01 3.587220331220371428e+00 2.608720241957724895e+00
8.584900434513262901e-01 3.681354644978646729e+00 2.769281045222421689e+00
8.546008106878159039e-01 3.752443396354613991e+00 2.967467363332231933e+00
8.939355449261654485e-01 3.804586642853835521e+00 3.210004821973227784e+00
9.394409998511117355e-01 3.846203625918604097e+00 3.455375818934761423e+00
9.490584750902294475e-01 3.887761350886679956e+00 3.659723342220147835e+00
9.338552429548232503e-01 3.943632071203107881e+00 3.828126295818498726e+00
9.308524262513907521e-01 4.032067908711065130e+00 3.995652842691282292e+00
9.582127389134917905e-01 4.168229484945713992e+00 4.192014491274647092e+00
1.000432054848011898e+00 4.334740802659761805e+00 4.396788758504475148e+00
1.030670773787799810e+00 4.474713332976252289e+00 4.550064850262992344e+00
1.043641582824910596e+00 4.563577319216467920e+00 4.637446962336900569e+00
1.047551743872221941e+00 4.619653563443999467e+00 4.685012915316202786e+00
1.047981358448396572e+00 4.662370157597197640e+00 4.713887084182410980e+00
1.047438119821809455e+00 4.700364429183790271e+00 4.733330709855340324e+00
9.871115165354809040e-01 2.932825368838161140e+00 1.282902277464308405e+00
9.448286330383418585e-01 2.955994429456042738e+00 1.336399543973564308e+00
9.172297336027940284e-01 2.974232762127698049e+00 1.396762171296939137e+00
9.217751841986701056e-01 2.997213592085666178e+00 1.458571290274012222e+00
9.663943187183043904e-01 3.038737277467615350e+00 1.526243720499051992e+00
1.036819922566807772e+00 3.093213473589932150e+00 1.618034691506209821e+00
1.096276393010300776e+00 3.149218930565650165e+00 1.756229654102611670e+00
1.108253161300128964e+00 3.226592750099545714e+00 1.953144265077665587e+00
1.064369361584615703e+00 3.346844623504517724e+00 2.188088318082559880e+00
9.972186655950765477e-01 3.484704886635755727e+00 2.410201785198011315e+00
9.334140654140243853e-01 3.606807259368344898e+00 2.601011824911316328e+00
8.793600960198297845e-01 3.706850621104617716e+00 2.785899410956708344e+00
8.561718570606337009e-01 3.786954170660786101e+00 2.993621272622282170e+00
8.839341209016804424e-01 3.847077219782515378e+00 3.232477274810749535e+00
9.354546818126685537e-01 3.891400768496335427e+00 3.473915714384896880e+00
9.623613124766655647e-01 3.931064144767824065e+00 3.679978244728018488e+00
9.640346988761367975e-01 3.984242492190132268e+00 3.853997303608110325e+00
9.735348438628501633e-01 4.075123518595105132e+00 4.030992571704964611e+00
1.005582312606886353e+00 4.221526515762657361e+00 4.239044372086095080e+00
1.040688446460477534e+00 4.397074342430190796e+00 4.452792588344216540e+00
1.058541034371525580e+00 4.537096157985786249e+00 4.611744817421638665e+00
1.062914041834983170e+00 4.622954226676285749e+00 4.705557537138136404e+00
1.063108305381489149e+00 4.678259541330740845e+00 4.760580867424784479e+00
1.062358847502707260e+00 4.722554340952812346e+00 4.795879007845508468e+00
1.061143839214836460e+00 4.762672920875550275e+00 4.819503806204978424e+00
9.861335413318100818e-01 2.997796340504391921e+00 1.228666236496580799e+00
9.411846462859025930e-01 3.032577023477389222e+00 1.284813350105401542e+00
9.114454525163813159e-01 3.060158463473155344e+00 1.341410618051555925e+00
9.111437320716602173e-01 3.089238378062958645e+00 1.393520742928784362e+00
9.467664136736629876e-01 3.129990973349789485e+00 1.448901631220855801e+00
1.010932050265812343e+00 3.170045973462223277e+00 1.533189172862808203e+00
1.077612199173392682e+00 3.199958517229446464e+00 1.671142683248998395e+00
1.109172548129068847e+00 3.253595142630226089e+00 1.867454175463886479e+00
1.089911920796161615e+00 3.359605924379289288e+00 2.111841513199779641e+00
1.040323047924845090e+00 3.492375498190960492e+00 2.363654628190409390e+00
9.805904388482733491e-01 3.612575655886734793e+00 2.592384373701755784e+00
9.202012320917789534e-01 3.712204308873970238e+00 2.809070121809080334e+00
8.848032350455079520e-01 3.798008890106437718e+00 3.031064533398203587e+00
8.992899813280064159e-01 3.869587817312550193e+00 3.265193258450631575e+00
9.464326053154661356e-01 3.925990012182706490e+00 3.497393074689380210e+00
9.820327444467193967e-01 3.975373312125125125e+00 3.701651729872475372e+00
9.983097089117997092e-01 4.033902789988854209e+00 3.880628308619249900e+00
1.020184815315416493e+00 4.124515030128806714e+00 4.064870812513046161e+00
1.053975436629498219e+00 4.266513188836448478e+00 4.277546472547863132e+00
1.075977118391011622e+00 4.440253238031175442e+00 4.494332747399071515e+00
1.075322037345390447e+00 4.585595467177439488e+00 4.659057228772034875e+00
1.067962986479913168e+00 4.677926500149415467e+00 4.759432569920368117e+00
1.065318500358648279e+00 4.736983209644982651e+00 4.819466341492960382e+00
1.066620271201272008e+00 4.782381733664499812e+00 4.857534883144131399e+00
1.068168785190706238e+00 4.821314504805401135e+00 4.881610926289309482e+00
9.807104832600510580e-01 3.046230326104395925e+00 1.195483801507385202e+00
9.381864189397141063e-01 3.086451032870678901e+00 1.253072708153133874e+00
9.106198759636566775e-01 3.119893624339070026e+00 1.306125287145518232e+00
9.089251992282664228e-01 3.155675189368102540e+00 1.350048232193580944e+00
9.373709924602230403e-01 3.199716885911322528e+00 1.394842979888020418e+00
9.939769071969999370e-01 3.231101445567563069e+00 1.472660288179467258e+00
1.063022495550615565e+00 3.241768193166117307e+00 1.610284181439450846e+00
1.104365871868052462e+00 3.279449390066837111e+00 1.800848210943384986e+00
1.101905137948317570e+00 3.374598523228113045e+00 2.041902179268396011e+00
1.072276723706245383e+00 3.499519880891640344e+00 2.310461981035214052e+00
1.025644344167477628e+00 3.612499307392151415e+00 2.573729703166162341e+00
9.692757547216378500e-01 3.705931142975510184e+00 2.827041299124546381e+00
9.303554219340164355e-01 3.794312879226411361e+00 3.069838877706263514e+00
9.326799813413417795e-01 3.879034731760256705e+00 3.303382527538072821e+00
9.661179061751892228e-01 3.952343419654728240e+00 3.525717830911466066e+00
9.992603382623930219e-01 4.016482245290277753e+00 3.725688349842253722e+00
1.024507961442248760e+00 4.083414733838471200e+00 3.907814240002232875e+00
1.056489685939089762e+00 4.171803663669958695e+00 4.095657815702987037e+00
1.091328828225532011e+00 4.301171004023570887e+00 4.306767770018953279e+00
1.101542604295575378e+00 4.468025547142616460e+00 4.524069732831364377e+00
1.081347150436282378e+00 4.625761617086024735e+00 4.697382573353726443e+00
1.059447000453426435e+00 4.732946052809889892e+00 4.803872663893792527e+00
1.053237547041083744e+00 4.797192265413992018e+00 4.864330689687289322e+00
1.057992003966450767e+00 4.840266695845437006e+00 4.900413991070059261e+00
1.064425212152788625e+00 4.873422703444391324e+00 4.921726142686698502e+00
