1.058759797560884008e+00 1.128067301092073205e+00 4.431051971827126401e+00
1.073752751790816751e+00 1.161422445561298256e+00 4.358977920843712717e+00
1.092995564236949546e+00 1.205188867130175812e+00 4.249640901638408685e+00
1.115798305058738338e+00 1.252495372136170459e+00 4.087622331782087670e+00
1.147527803283562964e+00 1.305960046811193154e+00 3.856101085664802586e+00
1.187600579263773826e+00 1.379965910309853383e+00 3.542061485626906592e+00
1.204107254649156244e+00 1.500502535107544944e+00 3.149417592857965964e+00
1.159803334505160599e+00 1.680618372927415116e+00 2.697515380261609863e+00
1.080042986837205898e+00 1.853592801721727579e+00 2.227216724991929020e+00
1.006719714134869381e+00 1.936209679235830983e+00 1.822120866938009343e+00
9.511673257822150784e-01 1.953085607644605481e+00 1.558374399441774472e+00
9.219928494864609858e-01 1.973907737010774710e+00 1.445321671940207997e+00
9.182271680723319562e-01 2.030655114166623587e+00 1.453312194979695660e+00
9.278543360221165326e-01 2.125922941969479840e+00 1.558497955835610904e+00
9.344508692466715338e-01 2.250621676802454729e+00 1.741723118579197260e+00
9.234771383460080862e-01 2.385440210139040840e+00 1.988644079132777742e+00
8.986758113524113689e-01 2.513966210641999321e+00 2.304067080086986241e+00
9.071523167654994557e-01 2.639174144092151231e+00 2.704138869015772162e+00
1.002494148866022394e+00 2.756160037110364502e+00 3.177396209616330847e+00
1.153252301540628855e+00 2.834410638245856706e+00 3.636847460219518435e+00
1.260193991259528801e+00 2.893004796286107627e+00 3.974400955729484597e+00
1.272000218038036090e+00 2.980044203133571656e+00 4.176969234522690755e+00
1.225884932126279248e+00 3.071747144973106636e+00 4.292328596904670945e+00
1.180099972291376087e+00 3.125461373058032510e+00 4.357867381313174526e+00
1.151834032024310783e+00 3.145466337577639049e+00 4.393349793012005122e+00
1.047966120345086960e+00 1.151170973688948829e+00 4.340964033085388252e+00
1.062066635234908407e+00 1.180057879558309208e+00 4.267566412405486176e+00
1.080558231461772101e+00 1.225799889365545292e+00 4.164504976004614001e+00
1.101159989584945542e+00 1.279745941550388677e+00 4.022285226267029223e+00
1.123538618824642565e+00 1.340669914792605333e+00 3.829264692330883957e+00
1.144942353658576772e+00 1.421425732765267291e+00 3.568898188585694076e+00
1.150027146688788804e+00 1.546328269346237239e+00 3.223605677644662215e+00
1.124165705369567281e+00 1.721332981419527730e+00 2.790244641808398818e+00
1.078754321648465853e+00 1.889400414862762556e+00 2.313859299118382840e+00
1.026114447966111065e+00 1.983284678412182478e+00 1.903471259655635794e+00
9.741875428030604134e-01 2.016966130683660374e+00 1.648418027078799586e+00
9.449360291528915434e-01 2.050502827190364918e+00 1.550329897445876792e+00
9.519579559318003259e-01 2.118493172158178783e+00 1.574111935100628967e+00
9.824971674235802865e-01 2.221237781779507703e+00 1.684674181257874270e+00
1.007721544975528127e+00 2.341624927447210958e+00 1.848342060086692440e+00
1.002974294620802898e+00 2.457158056109431055e+00 2.050157171056461003e+00
9.643223824946238754e-01 2.553774430073406432e+00 2.304302018453610490e+00
9.345373377016827909e-01 2.640560040085930371e+00 2.635331002707878678e+00
9.761433606072376090e-01 2.728422534384372877e+00 3.048797532140188782e+00
1.087351307027195624e+00 2.805570526877799509e+00 3.492647394326069410e+00
1.187769253620156062e+00 2.884413225331209585e+00 3.861411732138160247e+00
1.214605463557308251e+00 2.991878142089166026e+00 4.102155680635159563e+00
1.193146189416941727e+00 3.097646828038076006e+00 4.236992585617658236e+00
1.175263372548227991e+00 3.163580192620397913e+00 4.300637355379885562e+00
1.173137680977799802e+00 3.196024466131024866e+00 4.319317543342434007e+00
1.015415110150295952e+00 1.198077405513480631e+00 4.206918396922207037e+00
1.028355559714338341e+00 1.217172554455660638e+00 4.144116356145315372e+00
1.048522674874298843e+00 1.262905889363119982e+00 4.057307157655921870e+00
1.071097822464631477e+00 1.324466592550507249e+00 3.938568847665608441e+00
1.088050327900973668e+00 1.397617598978798670e+00 3.778624792930046716e+00
1.092603930153879244e+00 1.493538739318385877e+00 3.561840600459906803e+00
1.086361487171729978e+00 1.628340509905847222e+00 3.264287807932575447e+00
1.080412973096243734e+00 1.793721592356552375e+00 2.870654876078366335e+00
1.073868407181096885e+00 1.945118228764683543e+00 2.421818576469814577e+00
1.047305628539648259e+00 2.043430035430056524e+00 2.035802486572044323e+00
1.006011738703343372e+00 2.100885249297211210e+00 1.803044387054333342e+00
9.832231250501350939e-01 2.156874731203055617e+00 1.718302786429462214e+00
9.984341455564729184e-01 2.232127997464379732e+00 1.743310569175406499e+00
1.036291648704160462e+00 2.323511786364442777e+00 1.836551866112933862e+00
1.064439881409277699e+00 2.420395690938080602e+00 1.963296737559914185e+00
1.060310595463725525e+00 2.513449907333520805e+00 2.118252701770323210e+00
1.018092957285663402e+00 2.595504061678393981e+00 2.322619004523419850e+00
9.679791392171139819e-01 2.668954968382500681e+00 2.598783630719230242e+00
9.639912265188584906e-01 2.738927695826040232e+00 2.948604398095330925e+00
1.024242280714667608e+00 2.805659899814135994e+00 3.339414428201998852e+00
1.103548953884705863e+00 2.891376174616882899e+00 3.697047219171305965e+00
1.143827679125838825e+00 3.013331582733610681e+00 3.957744694876577984e+00
1.150704968760221769e+00 3.132706528689603420e+00 4.110891556681907311e+00
1.160758139155692259e+00 3.210571148128332553e+00 4.176783967269190434e+00
1.180737561808029579e+00 3.252742313208411229e+00 4.184231209320241618e+00
9.725175537113683877e-01 1.300664529827882054e+00 4.029929695062343775e+00
9.876706030093520550e-01 1.299009817341757245e+00 3.988446716646893986e+00
1.012562327067390688e+00 1.335264788850006212e+00 3.925323236297664664e+00
1.039017174257838683e+00 1.400644106081921025e+00 3.831314556270634775e+00
1.052134762872926954e+00 1.489177616256251113e+00 3.698270213025387054e+00
1.044108519923971468e+00 1.605405730523475238e+00 3.515121310753310802e+00
1.032389800115460332e+00 1.748036944551127903e+00 3.264133468094246204e+00
1.044618144420643713e+00 1.894451511405538469e+00 2.932878167054778107e+00
1.070192709190730174e+00 2.018262855718471194e+00 2.557664288415724574e+00
1.072012492245159931e+00 2.115032783415125461e+00 2.240371872359777417e+00
1.051728097146873431e+00 2.199937332023045311e+00 2.048105112437517139e+00
1.037492845473268810e+00 2.282186729141652215e+00 1.968686821534803899e+00
1.043730892410474009e+00 2.356906830730383540e+00 1.968625846914209276e+00
1.062599690623443172e+00 2.420632938472557782e+00 2.016858470035127748e+00
1.075560636562582495e+00 2.481708475522953705e+00 2.094334680484233324e+00
1.068957631261175045e+00 2.552121815696890117e+00 2.206598017194489003e+00
1.036634439956050091e+00 2.634389434261251051e+00 2.374700606715653972e+00
9.920501553822622665e-01 2.719853592294555256e+00 2.611933106674658056e+00
9.677877642907010136e-01 2.792914450212729882e+00 2.905441210252656337e+00
9.851324856187793078e-01 2.849201264761257679e+00 3.219534764196800403e+00
1.030177504050029613e+00 2.922114184582828678e+00 3.508209263191398808e+00
1.067064956082274252e+00 3.038519838489322389e+00 3.734630202733598914e+00
1.090065805614531813e+00 3.162564199312330793e+00 3.881266628902517724e+00
1.117513674247571531e+00 3.250067752557043832e+00 3.948688935612152395e+00
1.150367758116000561e+00 3.299241199004935954e+00 3.956157693521956009e+00
9.547500729292610622e-01 1.488570318267922188e+00 3.818852775747035633e+00
9.752823757202224719e-01 1.460051015589438173e+00 3.799519477844893078e+00
1.004404332479103878e+00 1.474043977734568855e+00 3.759256279363934805e+00
1.031870530464326752e+00 1.532742393273223369e+00 3.686706252752632196e+00
1.040286536577141652e+00 1.630083064433367035e+00 3.575196286073799801e+00
1.025492732487278236e+00 1.755955294452615334e+00 3.422326773603991512e+00
1.013755844597088895e+00 1.889792929483218087e+00 3.225135205804847249e+00
1.034771788059180242e+00 2.007835235651621364e+00 2.983312952346553359e+00
1.076898447582976592e+00 2.104419111083648541e+00 2.726611272188242285e+00
1.105876366901133112e+00 2.196797892600900859e+00 2.517073811116695481e+00
1.113321518114487985e+00 2.298739220797918481e+00 2.379798248111665959e+00
1.103698559831256532e+00 2.398611174748347619e+00 2.297003677453601789e+00
1.081187981347928817e+00 2.471946885321852250e+00 2.251795434069332469e+00
1.058242047466020352e+00 2.512684820283237919e+00 2.240875892329334818e+00
1.041912187080016539e+00 2.543256627295713113e+00 2.267953063393406410e+00
1.027581563673362286e+00 2.594212798813068765e+00 2.344801159084167530e+00
1.009648794704787855e+00 2.680069160608320011e+00 2.486828716666850347e+00
9.894265402772609574e-01 2.785960525655547304e+00 2.691916243304210976e+00
9.743848069138603130e-01 2.875429405696700247e+00 2.927709620522068068e+00
9.733952356248856130e-01 2.931018775839941970e+00 3.151943447460377801e+00
9.873326978794018105e-01 2.986059318252814343e+00 3.337644857076515148e+00
1.003193682545720389e+00 3.077970777753622933e+00 3.477488799408716691e+00
1.017435190680377577e+00 3.187668784007277711e+00 3.570959113566971599e+00
1.039122206609687682e+00 3.274872242105196118e+00 3.614827468648274422e+00
1.066832072468735015e+00 3.328402764833529481e+00 3.614947617305814376e+00
9.915405515872109943e-01 1.742186411248930700e+00 3.572028765584409182e+00
1.020043613148462036e+00 1.705660635476807352e+00 3.564418978522504666e+00
1.051973248037388675e+00 1.700758830081835704e+00 3.537735564322266768e+00
1.075841099039542614e+00 1.740256792282046439e+00 3.482259744460620254e+00
1.076719999504702319e+00 1.821719339421918882e+00 3.395695664241852985e+00
1.055969327434521432e+00 1.925888735289004616e+00 3.286316679844945021e+00
1.040058119964378136e+00 2.029326059369025437e+00 3.165395144404415717e+00
1.054436014123928178e+00 2.120200367627771421e+00 3.040474972845589097e+00
1.095120224962260247e+00 2.200786624320695939e+00 2.922566602257262947e+00
1.139062156672466575e+00 2.284104563334208304e+00 2.825306495362338133e+00
1.166695630264083183e+00 2.380655979399441957e+00 2.744740490164966573e+00
1.160008851924726470e+00 2.482014949665469317e+00 2.666694571378732448e+00
1.111263699242887482e+00 2.561464406489697865e+00 2.589648161159572304e+00
1.045609211678808492e+00 2.603744577288463535e+00 2.533649085841818582e+00
9.947462234263986236e-01 2.627701550220263194e+00 2.521418377144112988e+00
9.668422053652709902e-01 2.669658554811974671e+00 2.567321938128290348e+00
9.597926146990813923e-01 2.753191176774025806e+00 2.677618742693443021e+00
9.678366434659328998e-01 2.864934869763219982e+00 2.832618553945703610e+00
9.766653210760576354e-01 2.962445550293061558e+00 2.987413601877453750e+00
9.773882318643130063e-01 3.025287418565430375e+00 3.108992747941723866e+00
9.727794169209744712e-01 3.078922900850540323e+00 3.191313599745935647e+00
9.639755604903396113e-01 3.153990275034083801e+00 3.239067097886535240e+00
9.530614116120686985e-01 3.242613249318044399e+00 3.255531300098319480e+00
9.464414479330165442e-01 3.318089170441582247e+00 3.238955686209187057e+00
9.435382643806999869e-01 3.369824830225423895e+00 3.192445999211025232e+00
1.073688431480706695e+00 1.973101212701916518e+00 3.272521967500132245e+00
1.105759571510663175e+00 1.950660392667041165e+00 3.269194150504603602e+00
1.136636106580286132e+00 1.945012136655421831e+00 3.249930291755769307e+00
1.153345897316987889e+00 1.964369678910144579e+00 3.214570036998436464e+00
1.144909856258992553e+00 2.010093366967723227e+00 3.170139636985461973e+00
1.116765603522759998e+00 2.073579600028204517e+00 3.131632146156609675e+00
1.090425901951566745e+00 2.146513943232755128e+00 3.113892278366699795e+00
1.084344793686494057e+00 2.224709036482863667e+00 3.118335151331015798e+00
1.102277689660045024e+00 2.301106301700990286e+00 3.126739561841486381e+00
1.135585161616921468e+00 2.373618524997769264e+00 3.119388380046130838e+00
1.165513720973076595e+00 2.452199365140911080e+00 3.092009763528793975e+00
1.166645166446766968e+00 2.542242266544386009e+00 3.043760894699131914e+00
1.119184440232910527e+00 2.629753940133847667e+00 2.976834612318832729e+00
1.037641927779179962e+00 2.696134327167181599e+00 2.911432675898410594e+00
9.642111607395957851e-01 2.743236369186811796e+00 2.875556311200340609e+00
9.261335430294915794e-01 2.792157890935526243e+00 2.881602416459592142e+00
9.269279974584538895e-01 2.863168656068991513e+00 2.926014372119467133e+00
9.518244979989568533e-01 2.953815052272829700e+00 2.988168646247001625e+00
9.747452567829257841e-01 3.040961413105794708e+00 3.037090172550641842e+00
9.804169398161556304e-01 3.114865484932153983e+00 3.056807789154138533e+00
9.690054150254248100e-01 3.186559494155470684e+00 3.048448303453748842e+00
9.436335676041420761e-01 3.264322332850473796e+00 3.014483753761625806e+00
9.087260340823803961e-01 3.340463488972633677e+00 2.952905214714932391e+00
8.702654650038896822e-01 3.402290660522885091e+00 2.861763393846784354e+00
8.292850844664634291e-01 3.446714125691037633e+00 2.749021981341774445e+00
1.162600876172002362e+00 2.083502758673861699e+00 2.918313661796834158e+00
1.181189612092340413e+00 2.072410491662668441e+00 2.924237993048021345e+00
1.196626252942093016e+00 2.071387117468058481e+00 2.919922245405371264e+00
1.200751299027087438e+00 2.083698780837921927e+00 2.917973968988852640e+00
1.188001415501507951e+00 2.111920947379694269e+00 2.935943533620948731e+00
1.160618316858452070e+00 2.158898720207023558e+00 2.989684446586826194e+00
1.125105663540386658e+00 2.227139365704910112e+00 3.086263332522269032e+00
1.088479653274137204e+00 2.312258556944414956e+00 3.211847430530373249e+00
1.063864221918153330e+00 2.398915259728597427e+00 3.325932356965060954e+00
1.062968160641735604e+00 2.473930876963815528e+00 3.395503726219171181e+00
1.080557310703279983e+00 2.542085333524563673e+00 3.424877265371246260e+00
1.095711553744135980e+00 2.616501396330461304e+00 3.427394725262627784e+00
1.079007333231144061e+00 2.702034315107506135e+00 3.402422386819771827e+00
1.020857344847813764e+00 2.790648742689712414e+00 3.352136232134214744e+00
9.545613643974506513e-01 2.870149012809045885e+00 3.292474575289678018e+00
9.205622271748271634e-01 2.935632470597897559e+00 3.232428266780561721e+00
9.254914436599243066e-01 2.992698367183927566e+00 3.172800385203225826e+00
9.470186087268108732e-01 3.051281405010240366e+00 3.116476574871672067e+00
9.636868103018955134e-01 3.119491460998708554e+00 3.060232531280699941e+00
9.681613904337095233e-01 3.202506128646493089e+00 2.993368181375872350e+00
9.578505309529898870e-01 3.296554149303639214e+00 2.904913491317255847e+00
9.294933612757245722e-01 3.386585906809080448e+00 2.789442567952846730e+00
8.855722859211442310e-01 3.457532568565533815e+00 2.648889501532346369e+00
8.329727268173606758e-01 3.505591776827951644e+00 2.493921599872611861e+00
7.754565470959030593e-01 3.537265419129231869e+00 2.343699160131127446e+00
1.223400029709873493e+00 2.073306523200904028e+00 2.554605441533723820e+00
1.216974787605421549e+00 2.073575166502264366e+00 2.573162690765979033e+00
1.208173061185755293e+00 2.082549975708462231e+00 2.592854044551225812e+00
1.198987527545288367e+00 2.102713509283812954e+00 2.636443797605732442e+00
1.188072119637994417e+00 2.136499808271632883e+00 2.726501598611008603e+00
1.165186415407622134e+00 2.189687342309003526e+00 2.874740159120081628e+00
1.115807909651174379e+00 2.269402642849361218e+00 3.078715643470029129e+00
1.041231022127836248e+00 2.376186713015085772e+00 3.310621464766615674e+00
9.702566976253492737e-01 2.491620774280220996e+00 3.515579830184975219e+00
9.341737489432586639e-01 2.587078130709520529e+00 3.657629054235325583e+00
9.419683294863748779e-01 2.655704987520638660e+00 3.748170487518590832e+00
9.774390054395369898e-01 2.715205222733573009e+00 3.805102006469176068e+00
1.003238060708377954e+00 2.786673218685015385e+00 3.819184032496155901e+00
9.923885416358584344e-01 2.874773560381072013e+00 3.776168417655570764e+00
9.613613630569202151e-01 2.967200972268936088e+00 3.678705790321765701e+00
9.444399167457432354e-01 3.047592964004786076e+00 3.537906339174325065e+00
9.459778356224231022e-01 3.107374746401281751e+00 3.373897907675210917e+00
9.474214715060877978e-01 3.153258783374774499e+00 3.213537985125610952e+00
9.435655465865275815e-01 3.209304817383102471e+00 3.069199742062358904e+00
9.395075759634888835e-01 3.294713280681941914e+00 2.927698973964821150e+00
9.316553849910070850e-01 3.400644547843813648e+00 2.764195227763727392e+00
9.123198960568388305e-01 3.498987656264556101e+00 2.568818984106048031e+00
8.811661299419080162e-01 3.565548184360670003e+00 2.359064291100359867e+00
8.411555151880364400e-01 3.599345374447884716e+00 2.168192083755209776e+00
7.938129330630059322e-01 3.616397688185983395e+00 2.020826121513296325e+00
1.245391320488525189e+00 2.034568319106172751e+00 2.251930944684422897e+00
1.218299596392191653e+00 2.053377638222043888e+00 2.280158298269284067e+00
1.192928545847676602e+00 2.080368171917546416e+00 2.327066954863661330e+00
1.177871761916644999e+00 2.114480931606678382e+00 2.416252568588913352e+00
1.169350603198517025e+00 2.156118794967803787e+00 2.567178721164266264e+00
1.141733053140504106e+00 2.210805388415702843e+00 2.791874242787841798e+00
1.065601908535444453e+00 2.292486464632341292e+00 3.086874264805671064e+00
9.523266218435124664e-01 2.419591860267692240e+00 3.406613295565591670e+00
8.547039622926803082e-01 2.570298816314078305e+00 3.679176603302614534e+00
8.135575425580694464e-01 2.688146009625694610e+00 3.876216780926093008e+00
8.352913626766416133e-01 2.757911973581899989e+00 4.018550044538675259e+00
8.954543030618594690e-01 2.806365467987105511e+00 4.115732050143435572e+00
9.512304887540277143e-01 2.861709383314392507e+00 4.146615519158886265e+00
9.777574059196114664e-01 2.932906489602444822e+00 4.095441002620995974e+00
9.846664630287496056e-01 3.015496640931241146e+00 3.963554184063916352e+00
9.880094738411054900e-01 3.100288001175094177e+00 3.763585501378174936e+00
9.816241785673033293e-01 3.175608319132884994e+00 3.526673620340341486e+00
9.557330393570817595e-01 3.235910051224239581e+00 3.290132369116617550e+00
9.244791081825164403e-01 3.299556356150535219e+00 3.071409485202019063e+00
9.063717924563615691e-01 3.390588585285395418e+00 2.857212434854269123e+00
9.003675902151540011e-01 3.501333074668786516e+00 2.619956935667556497e+00
8.984676647404457039e-01 3.599759037987744215e+00 2.356892384970166621e+00
8.962301861017519800e-01 3.658593723907250794e+00 2.104188800899451817e+00
8.862048627247074428e-01 3.679845401219516088e+00 1.906352500637234826e+00
8.626271316494522612e-01 3.686024138615493495e+00 1.779647107567171371e+00
1.234407213788607072e+00 2.041408251511774186e+00 2.039027127985943988e+00
1.199161328176843844e+00 2.076358558345484884e+00 2.075290998163198175e+00
1.170784892694313406e+00 2.118779629073978654e+00 2.148345771660276071e+00
1.157247578805961963e+00 2.163617835304246562e+00 2.272760289997600935e+00
1.149288652612558748e+00 2.208571303751535542e+00 2.463548891071140279e+00
1.109242936246029210e+00 2.255449753461546969e+00 2.741031254790901706e+00
1.001564667256608754e+00 2.322170294255709866e+00 3.105411534873750767e+00
8.598890693688060471e-01 2.451861060781330259e+00 3.486646306123579286e+00
7.627346736217560652e-01 2.624873766619937321e+00 3.798576445541153035e+00
7.491271730134272389e-01 2.757812595769469688e+00 4.028888571896048987e+00
8.059943997159033646e-01 2.830603182782473581e+00 4.204292334518420660e+00
8.881662066043827242e-01 2.875054390010164163e+00 4.320584242065184988e+00
9.512657377306281692e-01 2.919848712973517557e+00 4.349920082723103931e+00
9.881083448628765753e-01 2.974694569892819551e+00 4.285183063270784132e+00
1.014269471729146721e+00 3.040079702550653629e+00 4.134046519612387449e+00
1.032059436372434691e+00 3.115686894010639030e+00 3.909545338712310247e+00
1.021453368221292290e+00 3.198301006144663727e+00 3.638551418009633664e+00
9.740333799700536810e-01 3.280954165740697981e+00 3.351475336059342780e+00
9.175467814697716440e-01 3.369787142797596502e+00 3.065380973712170665e+00
8.855084451206116647e-01 3.479869242654321848e+00 2.775290897403756230e+00
8.839236695659395959e-01 3.599860696738935939e+00 2.467719834459970674e+00
9.027330253893904866e-01 3.696559996743971954e+00 2.159141188945794543e+00
9.284059864581499788e-01 3.747602707836937608e+00 1.895664335178344206e+00
9.444999060984432537e-01 3.761830407873328674e+00 1.711231025001587192e+00
9.420379306050438162e-01 3.764629876965305932e+00 1.605912771375238579e+00
1.196191409568922781e+00 2.103510290675614236e+00 1.902195204195988643e+00
1.166404739247366873e+00 2.143666273595310479e+00 1.947975894637497429e+00
1.145858448836358123e+00 2.192911227973981081e+00 2.041380733280262483e+00
1.139058611697521428e+00 2.245153545794498218e+00 2.188274392602326035e+00
1.133388327258108230e+00 2.293497828082106782e+00 2.401982452659919609e+00
1.083797691554651887e+00 2.331935178914099183e+00 2.711873154404648822e+00
9.540799946438974777e-01 2.377437121414117005e+00 3.121084641137121807e+00
7.992237182748058721e-01 2.490357460960875624e+00 3.538268168116112555e+00
7.156877758567126158e-01 2.661736816167436626e+00 3.871926628268453019e+00
7.371269192659738456e-01 2.802236968332964206e+00 4.122742899787344761e+00
8.274658399946913656e-01 2.883171119516631187e+00 4.314392722149289483e+00
9.201362670502833963e-01 2.930516176029183129e+00 4.432179505675859943e+00
9.759522797036090935e-01 2.971826511563929962e+00 4.450293716794641696e+00
1.006077545925299521e+00 3.018795239103273520e+00 4.369394765230905975e+00
1.031720179977752005e+00 3.073448118429946252e+00 4.203699957922651720e+00
1.050619841559301992e+00 3.137823267271242056e+00 3.972065483777499129e+00
1.039252344448606369e+00 3.215247448619561244e+00 3.695756564301615921e+00
9.881825267710263594e-01 3.305494289542929565e+00 3.386882163997018580e+00
9.257666671380218038e-01 3.412999880043256162e+00 3.050488028992821121e+00
8.916930367448726580e-01 3.544843863109035542e+00 2.691811027237904330e+00
8.968451453383390337e-01 3.680097065881637874e+00 2.326884478233541387e+00
9.262246341541311434e-01 3.781317365375111983e+00 1.998336464245902278e+00
9.593627770757330309e-01 3.833417777532513337e+00 1.748926755431634561e+00
9.805648991803632697e-01 3.852432469381366964e+00 1.589234291236904850e+00
9.845989632301450634e-01 3.863926132261691127e+00 1.503927967489730566e+00
1.150840897294868270e+00 2.182554745110900640e+00 1.843085692643708473e+00
1.132202718780977335e+00 2.222435675148226153e+00 1.892602678733672494e+00
1.123900317885250244e+00 2.274972831756818525e+00 1.991470440416274190e+00
1.126562429063712845e+00 2.336228062692038421e+00 2.145114101987136479e+00
1.124990605863659621e+00 2.393388142564275789e+00 2.366468561306031226e+00
1.072145419739675365e+00 2.431686807157503516e+00 2.689404543497133204e+00
9.352325994003651832e-01 2.464961662997907421e+00 3.119359411294355677e+00
7.820156166427281175e-01 2.551226068453136264e+00 3.555156304622066887e+00
7.147977555285909279e-01 2.695891828507142485e+00 3.903236586137942332e+00
7.581263288110615672e-01 2.832680356641476216e+00 4.167245000476391681e+00
8.593959580634318307e-01 2.923845311887289355e+00 4.361511651841223802e+00
9.459824779489277580e-01 2.979922798169396980e+00 4.469054997659610784e+00
9.915392223055139453e-01 3.024870958472140270e+00 4.472200154689855545e+00
1.013802394422775865e+00 3.072123428460416861e+00 4.371353142952041360e+00
1.029284764647023120e+00 3.125034811093266196e+00 4.184883901219463631e+00
1.035533392982512568e+00 3.186297440998783870e+00 3.946271378794103057e+00
1.020924009536585020e+00 3.257539319636756581e+00 3.679681176427509470e+00
9.842723600155065533e-01 3.337171089373021093e+00 3.380802852193067753e+00
9.445569602486643124e-01 3.436372039655140043e+00 3.033768690234990739e+00
9.281376726438017588e-01 3.571924533569661442e+00 2.640588710883156942e+00
9.385015472906046430e-01 3.720780512080139157e+00 2.243761427554898269e+00
9.583396342469084894e-01 3.836243163983027227e+00 1.912752251689443739e+00
9.739698380631303110e-01 3.903069382813372012e+00 1.683948838075668419e+00
9.806005998457043571e-01 3.939581347503212871e+00 1.547679077660884417e+00
9.784110669417906969e-01 3.969802072307919705e+00 1.479007679078624626e+00
1.132296346660796260e+00 2.234971000387295792e+00 1.893281599670312509e+00
1.117044158733457415e+00 2.283436098591422603e+00 1.925934783037839493e+00
1.116150312196790395e+00 2.345273333387608350e+00 2.005361095871976751e+00
1.125933369924337457e+00 2.418750123488511150e+00 2.142827776263672490e+00
1.125411877553987638e+00 2.488106778054930857e+00 2.352483093804488945e+00
1.070484336693296346e+00 2.535396855512404901e+00 2.667153893482982152e+00
9.390413496689109518e-01 2.570477263848672145e+00 3.092878659763224292e+00
8.035725036741355742e-01 2.631808762086019549e+00 3.531890153871179105e+00
7.554329916709585646e-01 2.736679828364312783e+00 3.889088465434565656e+00
8.028753958499142973e-01 2.857115040556626351e+00 4.158984693298085844e+00
8.888229297548180252e-01 2.954762146095756048e+00 4.345042906813873174e+00
9.556221621236745678e-01 3.022048102175550532e+00 4.434950125072766092e+00
9.927312016544553863e-01 3.075864324639126846e+00 4.418135072703873512e+00
1.013111400752287672e+00 3.128409543707654450e+00 4.288867961759326164e+00
1.019383462002024121e+00 3.183320144318673162e+00 4.073617425475910991e+00
1.009575836558793016e+00 3.246462503761875507e+00 3.831759250902591063e+00
9.909054195365387674e-01 3.316245424760055016e+00 3.594071010534899191e+00
9.747877741515083017e-01 3.382509614483051763e+00 3.339568839236343401e+00
9.688187118386051289e-01 3.458772281322880726e+00 3.031858906325243019e+00
9.777779699080688669e-01 3.576202958156423861e+00 2.658677250099513500e+00
9.905438828703134746e-01 3.724557398145236231e+00 2.267497345812356624e+00
9.906230516885570214e-01 3.853852905361790704e+00 1.944664531560585496e+00
9.793350625190389014e-01 3.941145426001325891e+00 1.729065285345534830e+00
9.655651398476767788e-01 3.999885450196820180e+00 1.604819863561455229e+00
9.537799289892258114e-01 4.050027171757768052e+00 1.544807386712417241e+00
1.155067736273105883e+00 2.257225182254341433e+00 2.052134436785855609e+00
1.135392022121492150e+00 2.328952627732417291e+00 2.056857613373602955e+00
1.130554880876262436e+00 2.410211303638092328e+00 2.099797699641860138e+00
1.136662802844569109e+00 2.495118156068369064e+00 2.198981056559564884e+00
1.129806918148917649e+00 2.569756933986206970e+00 2.373735431666411877e+00
1.072300588690293655e+00 2.625027147128825344e+00 2.654586641940670511e+00
9.567091758326110584e-01 2.668819085598827190e+00 3.045838532217363781e+00
8.520322123140788850e-01 2.716179433348483663e+00 3.464011433152300423e+00
8.244842002032498618e-01 2.786257566986886314e+00 3.816889544670364565e+00
8.648332938333620490e-01 2.880838431829664703e+00 4.079203843294061826e+00
9.236288796779733579e-01 2.973387238427969148e+00 4.244821522229107025e+00
9.685943233299123545e-01 3.048194936071618510e+00 4.308184350412470387e+00
1.001627497454093740e+00 3.113192674030521800e+00 4.260572580644825358e+00
1.025472813598153010e+00 3.174611665958551932e+00 4.096451858303987059e+00
1.026040656157034991e+00 3.234376593994139348e+00 3.864947940321592057e+00
1.003601804770229089e+00 3.303675538277447643e+00 3.649067069041125766e+00
9.824233223720991726e-01 3.379753413685175456e+00 3.470729670505017683e+00
9.813701876141386338e-01 3.444067906009957269e+00 3.288051576429180667e+00
9.984000089605070682e-01 3.506095855650452897e+00 3.053474137904606422e+00
1.022695319230156885e+00 3.599417880815067416e+00 2.746477610988995455e+00
1.035792832978997602e+00 3.727973668042167787e+00 2.406087298764262528e+00
1.024302290678875016e+00 3.853252323553571834e+00 2.115791941100963136e+00
9.969816094550199015e-01 3.950989696771964876e+00 1.916782343776209707e+00
9.688994785411645383e-01 4.027662972602860769e+00 1.798102480706260220e+00
9.480635071801175595e-01 4.095308276419185489e+00 1.738786007567000080e+00
1.211677054133865505e+00 2.285086733300374373e+00 2.264734673476791915e+00
1.186043561955703263e+00 2.386727325194252902e+00 2.253713427075622722e+00
1.165895001035148537e+00 2.489910719632180580e+00 2.269067279157002126e+00
1.151892222311410086e+00 2.579588401331963432e+00 2.329516476962009364e+00
1.128840409995255811e+00 2.647329889861915753e+00 2.456725674501151424e+00
1.071225033488214518e+00 2.699633821496990826e+00 2.678689871094189989e+00
9.791727393345923680e-01 2.747742705345647796e+00 3.000130811792565133e+00
9.065464648157076644e-01 2.791892485680745661e+00 3.358918643292752915e+00
8.954780703247549045e-01 2.839822275856825229e+00 3.673024436172194651e+00
9.297451197259785083e-01 2.903242779033984977e+00 3.899666481444849619e+00
9.743275929276932201e-01 2.976214488985447826e+00 4.025418734981879076e+00
1.014732880358472311e+00 3.052049092929698393e+00 4.047983890511644312e+00
1.052431149541497968e+00 3.131538225126842878e+00 3.963421230026364483e+00
1.075083387236291266e+00 3.210127521001411299e+00 3.788300340696900026e+00
1.061661640568652309e+00 3.286511820916614202e+00 3.594548448625110471e+00
1.024599210466947241e+00 3.372234700575271305e+00 3.450741464380984169e+00
1.000551265267908496e+00 3.460147085002288847e+00 3.349884947517968392e+00
1.007506920733810762e+00 3.529967038262913359e+00 3.240499883663777059e+00
1.033767970586852547e+00 3.590383026200559158e+00 3.080707722620066757e+00
1.059972086119612467e+00 3.669911877306647252e+00 2.855098522305778541e+00
1.070622801465257234e+00 3.776947449691725911e+00 2.598353325063118557e+00
1.059434130623048365e+00 3.886882662415840350e+00 2.377135610014127209e+00
1.032755902013597238e+00 3.981678140280841660e+00 2.218888345298571263e+00
1.000886339283157511e+00 4.063944435560225443e+00 2.113398459837327437e+00
9.729755286406226444e-01 4.137768575288923500e+00 2.049106281703387822e+00
1.277782908607469237e+00 2.354579378050099425e+00 2.480312334118326412e+00
1.241512012223288997e+00 2.478746068130228686e+00 2.470089496510622151e+00
1.197982422669493507e+00 2.592660778455199377e+00 2.480115253705636125e+00
1.154288880538819173e+00 2.678296416758690235e+00 2.524302446661947918e+00
1.110383493806864408e+00 2.734467665428676142e+00 2.615341270868163370e+00
1.057852126940645343e+00 2.775227438521731482e+00 2.767727981487507538e+00
9.953544483897361905e-01 2.815711491820876322e+00 2.986346300947929855e+00
9.491341666219134110e-01 2.856016626334070718e+00 3.236549980764663825e+00
9.471077847263337235e-01 2.890741049765796156e+00 3.458036269743301805e+00
9.843926317246295410e-01 2.927175975673510955e+00 3.609405347827112642e+00
1.040384627102670878e+00 2.979404348470241271e+00 3.674505262005618000e+00
1.099364841261012860e+00 3.057837220183178495e+00 3.650064675352097332e+00
1.144450149086423618e+00 3.157092135181579717e+00 3.547432461762264566e+00
1.150070903700257219e+00 3.258398496484161022e+00 3.410844313742376066e+00
1.108713209547590228e+00 3.356330545870684468e+00 3.303949980709242062e+00
1.052645123808592986e+00 3.458529953019007674e+00 3.253090791010666116e+00
1.023858355417749166e+00 3.554658925249858381e+00 3.227624754053529443e+00
1.033444657493481689e+00 3.630949431589837850e+00 3.182274156063765957e+00
1.060005447499852815e+00 3.698741627305758506e+00 3.089418917243062168e+00
1.080351812513036913e+00 3.781654060484050728e+00 2.944853781371098211e+00
1.086572866932918657e+00 3.887482596286349956e+00 2.782623038463764686e+00
1.079729444134363003e+00 3.997121887733273926e+00 2.647637368660687773e+00
1.061981643395798258e+00 4.092474381564294106e+00 2.547116322812303046e+00
1.037079383396096288e+00 4.170795332384134468e+00 2.467854161631734655e+00
1.012684728581130456e+00 4.231885198513016810e+00 2.404396747131840151e+00
1.315719715314658256e+00 2.463153185143938995e+00 2.684085614796102082e+00
1.262533649203363861e+00 2.590080823724598691e+00 2.685588628212521201e+00
1.193493650754240409e+00 2.698482898466995294e+00 2.706386355231932939e+00
1.123688553944745205e+00 2.775921377010384106e+00 2.753301980785678005e+00
1.066780841565920124e+00 2.825815372367841416e+00 2.823506705186063392e+00
1.025908675149590055e+00 2.858960568948680780e+00 2.909290904422036750e+00
9.949436630529541192e-01 2.887248970983389285e+00 3.007913314318639841e+00
9.745079548376418543e-01 2.917865690903794551e+00 3.112150881897864707e+00
9.798307773055985326e-01 2.949524215885147349e+00 3.198309025282232820e+00
1.021206713040444969e+00 2.986166139445298739e+00 3.244306890555669121e+00
1.090100850082027062e+00 3.044554103491858399e+00 3.239458086122190217e+00
1.162956269156153466e+00 3.135958201187675876e+00 3.183589920277356100e+00
1.207375850482284907e+00 3.246031077002136112e+00 3.096958744227596760e+00
1.197928510330424023e+00 3.350119159513229139e+00 3.022376152739342015e+00
1.140142402295440949e+00 3.446261532335950228e+00 2.999241170772754650e+00
1.071831596750661308e+00 3.545289161425384084e+00 3.027592076664281429e+00
1.034575419897808102e+00 3.641519942806120902e+00 3.069678304496988197e+00
1.037542542758463027e+00 3.727172135616862114e+00 3.089587589102508858e+00
1.056323906798444012e+00 3.812130188326637636e+00 3.071260510086801343e+00
1.067715688641343919e+00 3.915312378887182199e+00 3.017209726974289019e+00
1.070008885276986677e+00 4.041883562621173098e+00 2.952718063404176529e+00
1.069146014063194539e+00 4.168507914063469322e+00 2.899851268314029618e+00
1.065834855259433001e+00 4.268862410637085603e+00 2.855605754785228712e+00
1.059969199095863068e+00 4.335766568280817523e+00 2.811001729673841876e+00
1.055120806061199845e+00 4.371255084567659210e+00 2.765218993545696335e+00
1.300255685627806024e+00 2.564983453021850046e+00 2.892983517797877546e+00
1.229984580960248319e+00 2.677568545926001242e+00 2.911758220132398378e+00
1.143484449181307205e+00 2.773303294429093402e+00 2.946161984380054832e+00
1.064145636493803337e+00 2.845149832329288309e+00 2.992705009412492956e+00
1.010894615433907795e+00 2.897486599290176379e+00 3.035523110636216160e+00
9.848743378892657052e-01 2.936026933582175591e+00 3.052863715219608753e+00
9.765680326128827193e-01 2.966025702301922529e+00 3.032963407329710481e+00
9.798348982449309741e-01 2.999009268972880005e+00 2.986075950091646725e+00
9.951590989217619088e-01 3.050941788361503981e+00 2.928651910433509364e+00
1.029154738139268499e+00 3.130402965882443933e+00 2.864137987377211036e+00
1.083390208698908896e+00 3.232362338790583323e+00 2.792602328047600668e+00
1.143218274327869155e+00 3.339307678523268930e+00 2.723126136380398243e+00
1.183145294924097257e+00 3.429712269721529427e+00 2.672926852217725635e+00
1.183532410766646947e+00 3.496791385244139683e+00 2.660228986810778018e+00
1.143224499180606646e+00 3.557082716412942602e+00 2.697077825746415858e+00
1.082580016349466545e+00 3.630228886406584365e+00 2.776622774544463379e+00
1.035672954782191013e+00 3.717344635601631531e+00 2.871901278882000419e+00
1.020478075452018629e+00 3.812479721140248579e+00 2.959887004059408966e+00
1.023998721716523175e+00 3.920282055472075644e+00 3.032505422679511842e+00
1.027538555071042747e+00 4.052141372794849872e+00 3.086134406570184563e+00
1.029641791428561826e+00 4.202879213607856101e+00 3.120323248306148489e+00
1.037101675589680250e+00 4.338150938114395672e+00 3.137845250474201375e+00
1.050539085425103991e+00 4.430204126115134144e+00 3.141857226987540219e+00
1.066868572394350290e+00 4.478720126859962569e+00 3.136601918597494709e+00
1.084072961887789344e+00 4.494301944388860548e+00 3.125266059582912703e+00
1.226153893012973839e+00 2.625362952081612633e+00 3.132587302045506394e+00
1.151756692907568880e+00 2.720031192886397609e+00 3.165102598604975004e+00
1.070399297853231957e+00 2.805719971080699260e+00 3.201254596433066091e+00
1.005338028581395537e+00 2.878534304536893629e+00 3.228365061024907945e+00
9.674212065196732269e-01 2.942513085173628973e+00 3.225718174297235841e+00
9.494703340882287845e-01 3.000576958612164891e+00 3.167551613454964610e+00
9.455821289929559059e-01 3.055256513221353831e+00 3.037493751621555660e+00
9.600450866104353054e-01 3.118238233513646485e+00 2.856767387438479133e+00
9.846812486120233299e-01 3.211169067658104392e+00 2.676146002730749096e+00
1.008213622846888757e+00 3.340886482839986904e+00 2.525825255781615652e+00
1.035291271799217316e+00 3.479390012899497897e+00 2.410474933857570612e+00
1.069845650005668114e+00 3.586675960055167423e+00 2.337033773256402380e+00
1.106883350059214344e+00 3.642152295576406296e+00 2.316946061072586716e+00
1.133099991465973622e+00 3.660463840767535171e+00 2.352742620138043250e+00
1.129176106900154242e+00 3.677022655073542534e+00 2.433511797942055743e+00
1.088899573018832667e+00 3.717848847915438792e+00 2.545086752161976218e+00
1.034816756379539626e+00 3.789104436370255957e+00 2.676185172268713774e+00
9.978687161181952758e-01 3.887774892140716698e+00 2.823274626077742155e+00
9.872946178304384812e-01 4.015791635221594547e+00 2.989258041912169706e+00
9.913573618780362473e-01 4.173964503457556319e+00 3.156820024150318815e+00
9.985976572575602228e-01 4.335866259892863006e+00 3.288132526996974114e+00
1.009453908433789904e+00 4.458934805955365732e+00 3.371557370242279639e+00
1.026884072227428613e+00 4.530306238740704039e+00 3.425300354038421258e+00
1.049176343880128481e+00 4.563663500949676433e+00 3.466461136693339995e+00
1.071535039218796337e+00 4.576121331459165553e+00 3.498627608196231975e+00
1.130557235334518573e+00 2.659803711669570081e+00 3.401130526218550720e+00
1.074284107260984555e+00 2.738498617038749749e+00 3.434609699597314325e+00
1.020569350117587426e+00 2.817330803226778979e+00 3.456392116800393932e+00
9.819463788094910939e-01 2.895655543843111523e+00 3.449172347270638372e+00
9.554650829841916382e-01 2.977590722029233916e+00 3.390474190230693630e+00
9.288648522215148251e-01 3.066298661633794165e+00 3.252732578527250507e+00
9.077016129964541324e-01 3.164023166415323551e+00 3.022343111116027714e+00
9.154501357649582616e-01 3.270440869509816828e+00 2.735954740076261160e+00
9.468737452890422235e-01 3.388067730229265440e+00 2.472457044183383967e+00
9.731415212495280187e-01 3.519405385946785092e+00 2.279087708949702140e+00
9.902301615469975005e-01 3.646114641804995671e+00 2.149330686942464652e+00
1.011289717603147231e+00 3.740247718307329272e+00 2.072718033277296090e+00
1.046819918737018629e+00 3.784824933816434367e+00 2.058008377384344278e+00
1.092561017925691047e+00 3.789634818486035783e+00 2.114223097265179874e+00
1.118596786593026859e+00 3.786485455668295419e+00 2.224203586167455171e+00
1.096699136642323102e+00 3.803437346578116163e+00 2.361435609419561210e+00
1.039382056536705790e+00 3.855531025801505862e+00 2.519825263023157014e+00
9.885862938395804100e-01 3.950514115711034169e+00 2.713670882657638561e+00
9.742012003158588840e-01 4.095235182930849760e+00 2.960435907370840170e+00
9.880969575336462363e-01 4.276733542853904169e+00 3.231853930045793799e+00
1.001096987337672495e+00 4.438252448683329909e+00 3.454543591249617407e+00
1.004564475264678736e+00 4.537703519673840447e+00 3.605609336709834967e+00
1.008350952831085223e+00 4.586748669084250274e+00 3.714757434364398758e+00
1.016962494730639488e+00 4.612340506387917927e+00 3.804146854771062181e+00
1.026353564173225763e+00 4.633001526831264094e+00 3.875566845013831418e+00
1.076261439932505226e+00 2.695209268850442541e+00 3.676910092613715264e+00
1.047456587664350236e+00 2.756438158039899555e+00 3.701240688989360095e+00
1.024519603542482837e+00 2.826145036333436167e+00 3.700517316276280777e+00
1.007147096688767451e+00 2.909290838905195020e+00 3.653661644249599050e+00
9.798084175506445170e-01 3.013536124998768884e+00 3.534757014340012660e+00
9.279851612461400556e-01 3.143786164346249912e+00 3.316309349240466275e+00
8.725277752211957338e-01 3.292492976945666783e+00 2.999117540435015883e+00
8.607082128691196932e-01 3.426937279878359721e+00 2.642990186774518691e+00
8.975469848014137053e-01 3.526325519151123800e+00 2.337122319560378081e+00
9.388875641078903156e-01 3.612908466896376236e+00 2.125160165905210619e+00
9.644274877667617929e-01 3.703862517317074055e+00 1.987250614846423069e+00
9.863817718727008188e-01 3.789652773885214820e+00 1.900513242574167538e+00
1.020596247900831699e+00 3.848893136180815411e+00 1.875092231300420131e+00
1.071927598770870516e+00 3.872351915995448479e+00 1.931823606331048993e+00
1.113775629328849437e+00 3.875365084116061620e+00 2.057956865165497362e+00
1.106624016163351598e+00 3.882327728822792423e+00 2.217640935428067728e+00
1.054912511030587030e+00 3.916722220689731415e+00 2.402342438508608513e+00
1.005866622842422897e+00 4.002924452317270898e+00 2.637913013678515384e+00
9.980120383072943469e-01 4.161060133941721695e+00 2.953626415522401238e+00
1.019149722743451836e+00 4.362738857462769460e+00 3.311335184069721826e+00
1.029062958415823070e+00 4.520139851331249403e+00 3.611693551263916557e+00
1.019677144226802445e+00 4.599416159166064944e+00 3.825201578207710895e+00
1.007867726724167579e+00 4.634942566051805102e+00 3.984013463931975529e+00
1.001674938372310031e+00 4.661530345564196764e+00 4.108427044491708813e+00
9.974735410525438217e-01 4.694479079506737484e+00 4.201122123722372592e+00
1.076458222486072147e+00 2.731159056452244993e+00 3.963911202864362160e+00
1.073645331974407258e+00 2.768913479504037767e+00 3.967150421012870964e+00
1.074929693793965635e+00 2.823354642847586859e+00 3.934888402612899849e+00
1.069651047713903624e+00 2.908218582461860713e+00 3.843887083670030513e+00
1.033194060444771356e+00 3.040192261364834447e+00 3.663433773584446218e+00
9.483689110775959108e-01 3.223895270551941916e+00 3.366646808951420322e+00
8.522046370704590146e-01 3.421293911393901155e+00 2.979911529228701284e+00
8.188992987735976836e-01 3.556423653586972655e+00 2.587765458996862833e+00
8.595555181935690126e-01 3.609688405048505633e+00 2.261467169502281216e+00
9.164968197203562372e-01 3.642107170812740602e+00 2.030210741012951736e+00
9.561942311410690509e-01 3.702540343665262856e+00 1.875457535449429614e+00
9.849762374904620366e-01 3.788769349117703911e+00 1.772925023814817758e+00
1.015318257653818224e+00 3.869297120535783119e+00 1.734583944457024351e+00
1.058900677406928725e+00 3.918432618826524383e+00 1.786378687376858343e+00
1.103319157829840247e+00 3.938918854806490621e+00 1.920237066479840049e+00
1.110367178765950369e+00 3.949750822276838491e+00 2.098109601443738370e+00
1.076787722872938113e+00 3.975457829192797998e+00 2.309350415223551778e+00
1.045458765677067081e+00 4.051300030301266730e+00 2.585637187934096470e+00
1.047892722078416217e+00 4.212701612696734266e+00 2.960494434050422896e+00
1.061829124766536125e+00 4.426044870880351922e+00 3.386132108132598795e+00
1.053635632072331685e+00 4.585088176626672229e+00 3.748254816988796811e+00
1.030527001137162779e+00 4.659322215645681275e+00 4.011689680565695859e+00
1.012906027456366154e+00 4.693975895180164670e+00 4.204251410957862589e+00
1.004474528942526534e+00 4.726425493790369359e+00 4.344547855358503519e+00
9.978707702646166799e-01 4.767960033126101393e+00 4.440540864207105365e+00
1.110352563362573708e+00 2.760757949988134285e+00 4.247485564083432585e+00
1.129255226802887258e+00 2.769720931804236841e+00 4.212963139363878895e+00
1.147755004795956824e+00 2.803863861030748694e+00 4.140587556032560457e+00
1.149909582280914000e+00 2.885986385586607472e+00 4.008596581861464614e+00
1.105835027399601600e+00 3.045009775081052972e+00 3.778084789539993604e+00
9.900439830485630033e-01 3.284789002809089808e+00 3.414699598467896280e+00
8.540297507153182810e-01 3.522707554865685875e+00 2.973427247501621462e+00
8.030689150406533638e-01 3.642771253199573511e+00 2.564611984683478063e+00
8.439833798856098968e-01 3.649342248539861888e+00 2.225025867006590552e+00
9.080198778386723291e-01 3.639743641186132805e+00 1.968072484772925401e+00
9.582590560640994459e-01 3.681005745253696837e+00 1.788318656453116162e+00
9.944001212958414326e-01 3.770574118014114795e+00 1.667816014778113587e+00
1.019305818472582503e+00 3.867752089676524285e+00 1.620516026021775469e+00
1.047374093717482912e+00 3.938153314440290487e+00 1.669361000815201557e+00
1.083990384513004113e+00 3.978034859036313708e+00 1.806516763288926963e+00
1.103313600380225745e+00 4.001955570664411432e+00 1.998087376471307186e+00
1.096265115279675184e+00 4.030347969713286460e+00 2.234229874290306839e+00
1.091133413544503661e+00 4.097991217322957347e+00 2.547095938422949235e+00
1.101827447092851964e+00 4.249390677516077020e+00 2.968194283281540002e+00
1.095895036929767086e+00 4.466125922005592663e+00 3.447224488209176485e+00
1.056395738341221913e+00 4.641735567622299108e+00 3.861892139567225879e+00
1.015989104011089328e+00 4.729211982301469774e+00 4.161872459871728935e+00
9.990502908378028346e-01 4.769662216646837649e+00 4.370118850502318075e+00
9.991387817602889188e-01 4.803477552897780889e+00 4.510819448810192256e+00
1.000407996070453276e+00 4.842901752367343882e+00 4.599857067763822194e+00
1.150212404110424913e+00 2.787332656280757881e+00 4.471585178936936522e+00
1.185235899391676284e+00 2.770033869012070493e+00 4.396432278859386145e+00
1.216541834579924597e+00 2.784559521822132844e+00 4.289103818690493064e+00
1.227801783299616201e+00 2.859729122069700757e+00 4.131268071143972875e+00
1.186344351843197531e+00 3.033903918823645629e+00 3.875263641569293593e+00
1.050391659015539103e+00 3.314688295794142370e+00 3.468743037063851009e+00
8.772235320719241614e-01 3.583994293744200199e+00 2.981873948891134329e+00
8.102698695096117731e-01 3.688672700875105015e+00 2.558575372892824440e+00
8.471987700354933759e-01 3.660333632128829340e+00 2.208029693503554380e+00
9.077329064967150085e-01 3.624397784152264101e+00 1.926628785059946614e+00
9.611890114835754950e-01 3.655522578651959620e+00 1.720628436769963354e+00
1.004107140750585492e+00 3.747524311283376264e+00 1.581920418274112894e+00
1.026718515166184398e+00 3.854281958215814985e+00 1.529932535321680831e+00
1.040333475047383605e+00 3.940654468430972113e+00 1.580519259851172809e+00
1.064437706525377392e+00 3.999732633286336547e+00 1.720552131626118975e+00
1.091372459941719164e+00 4.040948860947583654e+00 1.922544693509848690e+00
1.110921108083065434e+00 4.079495164523819994e+00 2.179566790471552995e+00
1.131615689161286520e+00 4.143451788880333275e+00 2.520435842353178746e+00
1.146599494849790180e+00 4.278105724775653762e+00 2.973466474012045335e+00
1.115930920976406338e+00 4.493474336340253394e+00 3.495736643424678824e+00
1.036926604994015122e+00 4.700609308111353357e+00 3.958793178174076388e+00
9.727690450744624906e-01 4.815489787744171579e+00 4.282668774942839818e+00
9.572449662183269981e-01 4.860927548804133025e+00 4.489834086145890524e+00
9.713765223542520921e-01 4.886167916527139887e+00 4.620148133281902325e+00
9.873699738491590328e-01 4.912144546720780269e+00 4.698109252867478602e+00
