1.041801157468547290e+00 1.533769927095645080e+00 2.738369307164456590e+00
1.188416918686825863e+00 1.590249337808287144e+00 2.577573544812145734e+00
1.340752280347605963e+00 1.691374681672670688e+00 2.432421811281592294e+00
1.451298639118996148e+00 1.816301465615771882e+00 2.341086658523752639e+00
1.473749775553620189e+00 1.942176240681011468e+00 2.347296286669257714e+00
1.388149239172562055e+00 2.062801500061654192e+00 2.479169852458075418e+00
1.228980079811392789e+00 2.178276877890111152e+00 2.707923296983013373e+00
1.087390778740198183e+00 2.265241819913681454e+00 2.941471773426404202e+00
1.026328809077162729e+00 2.299786503380107039e+00 3.086602245770465380e+00
1.029600313775375087e+00 2.307170541527233887e+00 3.098900266302933915e+00
1.057167540984724541e+00 2.312374374959428547e+00 3.011604743892934977e+00
1.059813388097232245e+00 2.303945830647142312e+00 2.874086414310219162e+00
1.004767251669334449e+00 2.265693834262909157e+00 2.696459050927535017e+00
9.202512034230216909e-01 2.204759504241037504e+00 2.493161818247137340e+00
8.625803644307439288e-01 2.145284118589239952e+00 2.301726052929200517e+00
8.639290771123072643e-01 2.128815149933214190e+00 2.150532357360881441e+00
9.196403968084405633e-01 2.181711665594058047e+00 2.036615133383985921e+00
9.799921679901928417e-01 2.275681959411406385e+00 1.928261942834708087e+00
9.837452603855876276e-01 2.361515932397660666e+00 1.783772598026918121e+00
9.287276118635441335e-01 2.423968484598957751e+00 1.601033160936501165e+00
8.819076950014134164e-01 2.451251216113617737e+00 1.431805097998716692e+00
9.067363442835386644e-01 2.421187079349463644e+00 1.304525859575074165e+00
1.001146954602255779e+00 2.360508330659787823e+00 1.206303348452195889e+00
1.118037757689672063e+00 2.317560031374152008e+00 1.123158645416099777e+00
1.222222436917989263e+00 2.300091822804227082e+00 1.052726660157540017e+00
9.869144825768786378e-01 1.691957621734051953e+00 2.698406543842002847e+00
1.113115994327017244e+00 1.741823111930620449e+00 2.538883697783208770e+00
1.243689055433990998e+00 1.828011658955460250e+00 2.392406640221386382e+00
1.338563004335123319e+00 1.936625095895951665e+00 2.293701123836287881e+00
1.362325184688113255e+00 2.050209252337967580e+00 2.281015324952575085e+00
1.303636651552301462e+00 2.155733069250817202e+00 2.380561275713990010e+00
1.192370220465583053e+00 2.236668463978243704e+00 2.583889943360267782e+00
1.095560323039746153e+00 2.272192444641804698e+00 2.824449882272048296e+00
1.057349833288443675e+00 2.274891430475623366e+00 2.989113815225095561e+00
1.068753846654400652e+00 2.281494467677286586e+00 3.007664731087374754e+00
1.091230121421883581e+00 2.290425370434852947e+00 2.923407591507604320e+00
1.068066998067130235e+00 2.269702832653793134e+00 2.786552671260307257e+00
9.703188899448877969e-01 2.203318954129677376e+00 2.598152699691393952e+00
8.482136042886835314e-01 2.115119343685980979e+00 2.385527542036323556e+00
7.799975299306922683e-01 2.051543612477986223e+00 2.203988049724107334e+00
8.004984040148608315e-01 2.060153368605675883e+00 2.079355301606138351e+00
8.908053228849459604e-01 2.152459271043515532e+00 2.000439548101015763e+00
9.819941505850203756e-01 2.280063880995091274e+00 1.937634525914727401e+00
1.008706917876941667e+00 2.384675266742560584e+00 1.846150171297711307e+00
9.659784134969686686e-01 2.449795613136766637e+00 1.696829363395361723e+00
9.138774386561133722e-01 2.472062362783180589e+00 1.524960412524221764e+00
9.229831513323900616e-01 2.440882236556829898e+00 1.378905808242486541e+00
1.001063725089412770e+00 2.381335209011313125e+00 1.265937249116000585e+00
1.105720517181503659e+00 2.335723016301625155e+00 1.177266831231669197e+00
1.203411633357648114e+00 2.313001264514339628e+00 1.107276494842028614e+00
9.414960684680235836e-01 1.887887227836283710e+00 2.648081563133876770e+00
1.032237664500025076e+00 1.932394991349102087e+00 2.503085271813836332e+00
1.128345262114141434e+00 2.004762306264263660e+00 2.368519304876402831e+00
1.200900532812645860e+00 2.092638293382650172e+00 2.274964451914894159e+00
1.227428559953060105e+00 2.178885465668595423e+00 2.257315262339766537e+00
1.205840580556295727e+00 2.243377833584222270e+00 2.340041635054274760e+00
1.154767476991846786e+00 2.265441814566397483e+00 2.523395231497977065e+00
1.104870325910488837e+00 2.246479478170129163e+00 2.755257511433192086e+00
1.085479329513190594e+00 2.226850760249554639e+00 2.916712276173706542e+00
1.099764405875726769e+00 2.235510329100337756e+00 2.928872996146878904e+00
1.109633528679678793e+00 2.247851494304661024e+00 2.843571734006832052e+00
1.057704587097601179e+00 2.220371578520650147e+00 2.706238958938697703e+00
9.224393676223200389e-01 2.137394444805461369e+00 2.510984983656708636e+00
7.760544908159485722e-01 2.033992884326493389e+00 2.299792803998605528e+00
7.112327590177744963e-01 1.969987423810160454e+00 2.136596755947792747e+00
7.555166984836974020e-01 1.993960569574893649e+00 2.036705941657581675e+00
8.757369299524092598e-01 2.109403093093482173e+00 1.983654508713075471e+00
9.907186526670129778e-01 2.260190218469292578e+00 1.956093237943388408e+00
1.037156184662530567e+00 2.387231374686392904e+00 1.915663919310857777e+00
1.011691400648134120e+00 2.472868507901238910e+00 1.815966805698308262e+00
9.595562349970163663e-01 2.510348630663742142e+00 1.661930325090782201e+00
9.482308670985583055e-01 2.490453632234043368e+00 1.503031453639906978e+00
1.000407085136191920e+00 2.436470799134970999e+00 1.369846779240089241e+00
1.085797860141252791e+00 2.387935938582215645e+00 1.266579556993186584e+00
1.173489204963060084e+00 2.357395685962442755e+00 1.188065566988128818e+00
9.415674162619150911e-01 2.097085374514585876e+00 2.598921974828309889e+00
9.902551424737821018e-01 2.131373365267449582e+00 2.477405274251810230e+00
1.046274112407453938e+00 2.185742539873231749e+00 2.366814495948563302e+00
1.092450617000135127e+00 2.243382026348007763e+00 2.292514953523296484e+00
1.118700756981136468e+00 2.282948786436671096e+00 2.286088294717904201e+00
1.127550978593417463e+00 2.283996702035794080e+00 2.369483275201165196e+00
1.120851195365825115e+00 2.242289289666563601e+00 2.540659668822148554e+00
1.101960525802514024e+00 2.188524092158707024e+00 2.747248343975839280e+00
1.095946858992570938e+00 2.165377724782963309e+00 2.876361126231349541e+00
1.109789688728895163e+00 2.179257817065689551e+00 2.865889091718472059e+00
1.105690250213862358e+00 2.197064711501328205e+00 2.777236294427715357e+00
1.036809409701421103e+00 2.177181835059552206e+00 2.648318373783428825e+00
8.914412041320398661e-01 2.102748968155125908e+00 2.466672464420443855e+00
7.487982621083751900e-01 2.004086647862355797e+00 2.273533219098656577e+00
6.993989283193566830e-01 1.939307027255601001e+00 2.127244613592849110e+00
7.606623023503539249e-01 1.959124443133061444e+00 2.038709480806624175e+00
8.923690793916473352e-01 2.071931656123211951e+00 1.997702310153653960e+00
1.012956446379397413e+00 2.228899553126016286e+00 1.993370833724049884e+00
1.066055119508794613e+00 2.376853685428062857e+00 1.993020160919643180e+00
1.052476981100375575e+00 2.497479091704307042e+00 1.944366588719336431e+00
1.005578758736535239e+00 2.573381995014954793e+00 1.831385988640195528e+00
9.814081467581662332e-01 2.580301161433646406e+00 1.684937827100609464e+00
1.011355481202909523e+00 2.533633106119263623e+00 1.539192526520763993e+00
1.077981171919540682e+00 2.477371771428043878e+00 1.413132032541781324e+00
1.153658723096328886e+00 2.434324629572159004e+00 1.311627028613115087e+00
1.017113915032255012e+00 2.265699854411095338e+00 2.587680977530879556e+00
1.025776243974697799e+00 2.281016383871861120e+00 2.491085239503451731e+00
1.041960413829338572e+00 2.306943170982540536e+00 2.409940700172803929e+00
1.058556957885875116e+00 2.322804905593881752e+00 2.364828011393027118e+00
1.073349316470020520e+00 2.306151085535781853e+00 2.382044910230984414e+00
1.086763728970080889e+00 2.250239359928324578e+00 2.475968694690689365e+00
1.089988001155563158e+00 2.177265942317586411e+00 2.632739790301402927e+00
1.082517553082194439e+00 2.126036000267168991e+00 2.793346822170799992e+00
1.087005719480287347e+00 2.115587925445913342e+00 2.863841632006322691e+00
1.099892053238323841e+00 2.135500590235174911e+00 2.819700199759229253e+00
1.087465307540528503e+00 2.161861294777897236e+00 2.730389870071797009e+00
1.022542529951211199e+00 2.162015015537584794e+00 2.624649510647074635e+00
9.023771562848210692e-01 2.116201137624440509e+00 2.481800211312374937e+00
7.904332908958582316e-01 2.039374807336839623e+00 2.321069206977274924e+00
7.613688948422038250e-01 1.977001796727618776e+00 2.184778433716231483e+00
8.278550229007389794e-01 1.981416735833455345e+00 2.090374309977465206e+00
9.494809303322613303e-01 2.074282115251200320e+00 2.045770197991993555e+00
1.053009023910858266e+00 2.224024657752747380e+00 2.051337599624580399e+00
1.092836895100971262e+00 2.385488835168669386e+00 2.073322393877719882e+00
1.075446527612788250e+00 2.537933449602358671e+00 2.057957337982615265e+00
1.032470137360396611e+00 2.653026517933207984e+00 1.986874061815362857e+00
1.011999742547957215e+00 2.687015474934478565e+00 1.876614978461690342e+00
1.042928707018170309e+00 2.642759889675362572e+00 1.743721014127511459e+00
1.109399165979710000e+00 2.569870502837922732e+00 1.605661093273467399e+00
1.182231755279788965e+00 2.506508246799008965e+00 1.479893708078344305e+00
1.144741463801495218e+00 2.337688644852890185e+00 2.646471859234656332e+00
1.120840122125828398e+00 2.327001487729352558e+00 2.574569977941552068e+00
1.100097087699656750e+00 2.316456014787753759e+00 2.523527182184124751e+00
1.084961057627472192e+00 2.291890135664840678e+00 2.509382469748852706e+00
1.077862004963547005e+00 2.241311811524706155e+00 2.548851041190099753e+00
1.075924717938508524e+00 2.174830675406492553e+00 2.643374189697367704e+00
1.070429620300527240e+00 2.120702234026478283e+00 2.767562880439199180e+00
1.066243321930964161e+00 2.097649653286821625e+00 2.863250676506107872e+00
1.077625517935214772e+00 2.101334886831838222e+00 2.866482643098363869e+00
1.089226214821209293e+00 2.124094523154738123e+00 2.791087338598356560e+00
1.074319648811404848e+00 2.157587313476748037e+00 2.704042260362775618e+00
1.024715148087668837e+00 2.176390073356176735e+00 2.624299507589614500e+00
9.469824716716241930e-01 2.159743832221632687e+00 2.528091497949504607e+00
8.797684437603440211e-01 2.112574682119316982e+00 2.407757112717013204e+00
8.734166645192914524e-01 2.064693531015082684e+00 2.282555011863313776e+00
9.377449448452011005e-01 2.061546206291659633e+00 2.175660967029117376e+00
1.035476193070314466e+00 2.135949509054582585e+00 2.115406227512396153e+00
1.105062965971906896e+00 2.275829954686158452e+00 2.112934082615433251e+00
1.112644669928575469e+00 2.442429222733853322e+00 2.131899037012456866e+00
1.073604715191170067e+00 2.607740803918962680e+00 2.123768165236743055e+00
1.029221860511709608e+00 2.731863327798891738e+00 2.076774037180129984e+00
1.025190138986484589e+00 2.763725075343322235e+00 2.000142298823725184e+00
1.080521533856179328e+00 2.705784769463059458e+00 1.893884129068824862e+00
1.170995461799761772e+00 2.611069388281880510e+00 1.765559235707762298e+00
1.259723074765851880e+00 2.526573400982266460e+00 1.637568518072634483e+00
1.253851083266386723e+00 2.323191961297533581e+00 2.775463269581949444e+00
1.209794287877145713e+00 2.283733303140430326e+00 2.727830774817630921e+00
1.162979133599793879e+00 2.240385313420753643e+00 2.701507213287708709e+00
1.124582902152812203e+00 2.196867269283613755e+00 2.705840760687555413e+00
1.101604681982086165e+00 2.157067700180828940e+00 2.746030878959887289e+00
1.089495487530642182e+00 2.128569842665969603e+00 2.814999390973015103e+00
1.079292095046602507e+00 2.117654411954347893e+00 2.886840213152419565e+00
1.075478159706135362e+00 2.120567667155222935e+00 2.915210585494034223e+00
1.086174534237319467e+00 2.129490686858200199e+00 2.866145662487116663e+00
1.093769043868634938e+00 2.149010448429236053e+00 2.771328118839928134e+00
1.077039025664097593e+00 2.181496556111891305e+00 2.683079638465712513e+00
1.038722647063791138e+00 2.206756287691252094e+00 2.613525607471157031e+00
9.945046037383746818e-01 2.205591059008925381e+00 2.545252522560134345e+00
9.680283406227975229e-01 2.181823969029290211e+00 2.458784648387852378e+00
9.849859102111480080e-01 2.156919537975320544e+00 2.352255806312996800e+00
1.046219067852179219e+00 2.164972879701916764e+00 2.243596290461986609e+00
1.116473106044170160e+00 2.238848565188488848e+00 2.168706379016844821e+00
1.145510181483487822e+00 2.377972935412556943e+00 2.144586371318539353e+00
1.111274878365604346e+00 2.546147806751529075e+00 2.141463235464720949e+00
1.042483790835869062e+00 2.701464322390380701e+00 2.126971148335761619e+00
9.940947729576843361e-01 2.795980671077843205e+00 2.095498720641250756e+00
1.007711653838722299e+00 2.796258577023525316e+00 2.044518383652936144e+00
1.088590360721127137e+00 2.718558785727181348e+00 1.960212599635066555e+00
1.203826897521700356e+00 2.611271243235592898e+00 1.845083418113538709e+00
1.310872834183985258e+00 2.517400613371207463e+00 1.726603161855554402e+00
1.292409582671232293e+00 2.288015700396287322e+00 2.936692692525141091e+00
1.244099885268930006e+00 2.227852513733702189e+00 2.900888703447516814e+00
1.190777622060197105e+00 2.169316032757814039e+00 2.879153605425067486e+00
1.146850145976950008e+00 2.129112518534503451e+00 2.876306649744369448e+00
1.122119385888260101e+00 2.119154501199237650e+00 2.892626255043158068e+00
1.113061934311335044e+00 2.136262141763731304e+00 2.919919965812418639e+00
1.108340497980214057e+00 2.163373780400033031e+00 2.937804686113497432e+00
1.106405113755897673e+00 2.182602299018920444e+00 2.915749622257347795e+00
1.111854595116974487e+00 2.190307362702349714e+00 2.839483142141083771e+00
1.112292881578249792e+00 2.199762553656694042e+00 2.736403017892893086e+00
1.092917338952943629e+00 2.219573497029160514e+00 2.639728856407698387e+00
1.059305254672231467e+00 2.236660231452337833e+00 2.558770910592977010e+00
1.030440277824387518e+00 2.235848675962518683e+00 2.488110109211227439e+00
1.026478915660000046e+00 2.221830995576161261e+00 2.415661554102986219e+00
1.057547013037898331e+00 2.216285292165200094e+00 2.332215365120649420e+00
1.111287083507267681e+00 2.248637498732414919e+00 2.243623925875685821e+00
1.152459779241845395e+00 2.343833365710035643e+00 2.174390657525633319e+00
1.141855087350053699e+00 2.496727348304669025e+00 2.137107632156241444e+00
1.070699086379780951e+00 2.661072554260343281e+00 2.115169233050944619e+00
9.801378971194210088e-01 2.779191298696851664e+00 2.096682684416776521e+00
9.299063185966105483e-01 2.818354945549034873e+00 2.080805586058955825e+00
9.540476339826343688e-01 2.786091553634656659e+00 2.051308820224001295e+00
1.047648609612504611e+00 2.708056392932922218e+00 1.981630394356714397e+00
1.173874370032728764e+00 2.611582158282509170e+00 1.873162089178501688e+00
1.289417192482853469e+00 2.524251177348080244e+00 1.760260178842154577e+00
1.249217362987979918e+00 2.261503165705391893e+00 3.049931673346218730e+00
1.204275019271629388e+00 2.190836248413689180e+00 3.002618434859625207e+00
1.156153382448771527e+00 2.131530393377000454e+00 2.961773666152123674e+00
1.119471802942631156e+00 2.102460563546022954e+00 2.936770783882884039e+00
1.105393124727992227e+00 2.115542120441760598e+00 2.929309553824430701e+00
1.112342642762218503e+00 2.165271991218317371e+00 2.927167395581358189e+00
1.127149504161544247e+00 2.225259933103624910e+00 2.909770216541631704e+00
1.138315627728003099e+00 2.262524542802279548e+00 2.859146690909621924e+00
1.143545516821942387e+00 2.267608479886826789e+00 2.772419651513593486e+00
1.138288228042202643e+00 2.259136196812078889e+00 2.665861003610193514e+00
1.116666938502024253e+00 2.254733287073059866e+00 2.555849465090955785e+00
1.084360814066611445e+00 2.252292253603747518e+00 2.451721531185832248e+00
1.059643221722126993e+00 2.242648311813496331e+00 2.363579723477231553e+00
1.061261350917022117e+00 2.230598807875889378e+00 2.296191316638807933e+00
1.090418206653012589e+00 2.238648353377492128e+00 2.242713972093845598e+00
1.125402756145599925e+00 2.295480419048290255e+00 2.194441804960548748e+00
1.133428808210836136e+00 2.417941719797900735e+00 2.152795748864998249e+00
1.088369441825404405e+00 2.584787829316751662e+00 2.119986515854656695e+00
9.948664775605797761e-01 2.727249423307219978e+00 2.092266208124597959e+00
8.976894650632254447e-01 2.787055888771063472e+00 2.075874470151232387e+00
8.502126459006866810e-01 2.774413262572054784e+00 2.073629489736561471e+00
8.795946071832762003e-01 2.733419697782748958e+00 2.059588447512590292e+00
9.765175619335092483e-01 2.683580493025829572e+00 2.000496943341133704e+00
1.103699999912381324e+00 2.623103202041430215e+00 1.899126640400884858e+00
1.219558512595397604e+00 2.558719524917643540e+00 1.792479083439353582e+00
1.135476409652569352e+00 2.220485930163461852e+00 3.034048436647339919e+00
1.093047573676890094e+00 2.154403591436010679e+00 2.966274961998903947e+00
1.055288801005039634e+00 2.107857619460421716e+00 2.909460326662194340e+00
1.036648954955259549e+00 2.096128491758913803e+00 2.879513066401815813e+00
1.045628475432796467e+00 2.127797133305005861e+00 2.873034346986336640e+00
1.078956230429097829e+00 2.199682209907692254e+00 2.866136201000776484e+00
1.122532426904515379e+00 2.287222022955295753e+00 2.833574384544042868e+00
1.157179590627183341e+00 2.343677352017529802e+00 2.768253272718690816e+00
1.172441980083591906e+00 2.342687921804003537e+00 2.677158801247589093e+00
1.166706169850184160e+00 2.308592656689391287e+00 2.568801917039311267e+00
1.140435292008981971e+00 2.274959740365651850e+00 2.448189334320395094e+00
1.104523671025053222e+00 2.250487665014778926e+00 2.326956220610413517e+00
1.081171048334437446e+00 2.229987045445046778e+00 2.230511439879182323e+00
1.084128134160273094e+00 2.217610061827643086e+00 2.176610019480401892e+00
1.103495209340167538e+00 2.233535767811549722e+00 2.159855603411307889e+00
1.112860368440895531e+00 2.303922553982709953e+00 2.158435732796488260e+00
1.087071889191635110e+00 2.440130331945538522e+00 2.151387775437815009e+00
1.016564255617049550e+00 2.604819102901262617e+00 2.131687154952881968e+00
9.175879664717090378e-01 2.711969363835532665e+00 2.106295135502333604e+00
8.295728948972285188e-01 2.723070167575492917e+00 2.093287437632136871e+00
7.935932702370600555e-01 2.688809240300774395e+00 2.095941402401032327e+00
8.282707243135837283e-01 2.665588304906907791e+00 2.085428264486477001e+00
9.211751004131396581e-01 2.661854437638172755e+00 2.033321078804411819e+00
1.037217228703049887e+00 2.655293584755496816e+00 1.946306338952643156e+00
1.139787809455077516e+00 2.631811759341736057e+00 1.854696022996664695e+00
9.975579256830899855e-01 2.155625235348901825e+00 2.893213665220761399e+00
9.623393754250346710e-01 2.116122063940169884e+00 2.829986068277248634e+00
9.419864560038830881e-01 2.096696865994223558e+00 2.787710189844445186e+00
9.462072563696660721e-01 2.108821309332811200e+00 2.777266704589715474e+00
9.785972421783437625e-01 2.158819841384661764e+00 2.785978115015964374e+00
1.035493354172636771e+00 2.245216688637869495e+00 2.783549457407267003e+00
1.104478695845013014e+00 2.346951672867052974e+00 2.745106282277821386e+00
1.163896944675048895e+00 2.410020933821305444e+00 2.674226865950082299e+00
1.197255477457031425e+00 2.395969798765114067e+00 2.585010429351489059e+00
1.197161863815638938e+00 2.336942074920419721e+00 2.480751187016677406e+00
1.165350828218979506e+00 2.278880351545528704e+00 2.360552479564396844e+00
1.123442589784028112e+00 2.235885349553915713e+00 2.239076662250238492e+00
1.101527877319584237e+00 2.205365744408915418e+00 2.149546435163504299e+00
1.106193370131336007e+00 2.190842651284686138e+00 2.114496376375623043e+00
1.115331073068081214e+00 2.209185037295686715e+00 2.130046382725613974e+00
1.099745866149503648e+00 2.283066320766750312e+00 2.168313313627646899e+00
1.045779789432465856e+00 2.418787371861693014e+00 2.194209561558731370e+00
9.633366939585599198e-01 2.569130711237718856e+00 2.192798541284725733e+00
8.764954966410565262e-01 2.648442816572575964e+00 2.175382507160165346e+00
8.132749679473503246e-01 2.642556602191608039e+00 2.163077946144936092e+00
7.988879525037351215e-01 2.619058191874451769e+00 2.155973173684507138e+00
8.401715708286811024e-01 2.630060870904725956e+00 2.130750758632010911e+00
9.203216033747110281e-01 2.677678215167623499e+00 2.077602717231885165e+00
1.008279741316668643e+00 2.734228782850327555e+00 2.011144529603905884e+00
1.077472654770862848e+00 2.771106094004956333e+00 1.947908467231370011e+00
9.121481272947943308e-01 2.085780741403691074e+00 2.710280563145984978e+00
8.905200916521194276e-01 2.080437351692739245e+00 2.678736444587709542e+00
8.857368976728978716e-01 2.092650245131028264e+00 2.667255830280869322e+00
9.031912201436151921e-01 2.132228838277519412e+00 2.678815702874469018e+00
9.455419080311602276e-01 2.202454060453515439e+00 2.698488398847591618e+00
1.011138457389088474e+00 2.297797602326332012e+00 2.699178652223108266e+00
1.091213271649959626e+00 2.395636404968608080e+00 2.662261762207190241e+00
1.167897039530173986e+00 2.446529654081911698e+00 2.597644055961808363e+00
1.221861572318715172e+00 2.420207275220472187e+00 2.520670602413168648e+00
1.236344129382986434e+00 2.349777816882714809e+00 2.431662694230913857e+00
1.209724659380597700e+00 2.277433636487027790e+00 2.327823191543507253e+00
1.167592140129295242e+00 2.219241900000628487e+00 2.222380209958650266e+00
1.142594014050194673e+00 2.178562027646000487e+00 2.145156359385881562e+00
1.139172725093766214e+00 2.161631795934635392e+00 2.119989469268312554e+00
1.131422111887415038e+00 2.183483024154817542e+00 2.149129379671057105e+00
1.089844627252705145e+00 2.262578774864664410e+00 2.207614067962270887e+00
1.013126539743976817e+00 2.396665858417433626e+00 2.258698618550016413e+00
9.315601372475983410e-01 2.532111137378727950e+00 2.282877555968170658e+00
8.718796586200328047e-01 2.599230090996994758e+00 2.285144168410904619e+00
8.452273207217632089e-01 2.604097027545040799e+00 2.276940713239460123e+00
8.582262044172397353e-01 2.612547591959435866e+00 2.252281299399331971e+00
9.049164461177859886e-01 2.666444559786643964e+00 2.202807551285654419e+00
9.645642608884413827e-01 2.765264658648738827e+00 2.144980289087613734e+00
1.013468824931865520e+00 2.885803659308121105e+00 2.101489967983820151e+00
1.039041479010562430e+00 2.995702693194600919e+00 2.075473283678860081e+00
9.019635298151655878e-01 2.044594561931392995e+00 2.530746749756142222e+00
9.001873456565315790e-01 2.057774719661628726e+00 2.532213980562246558e+00
9.097233400861113317e-01 2.091367120566504312e+00 2.546609531748296185e+00
9.325463854750011272e-01 2.153671337426624977e+00 2.573288719860256091e+00
9.706912001237338883e-01 2.240815618464893522e+00 2.600141242864941749e+00
1.024908111974879965e+00 2.336141543920101427e+00 2.608859655978398528e+00
1.094393862911238635e+00 2.414791783322836949e+00 2.588261194582631042e+00
1.172280621718413407e+00 2.447991668883204852e+00 2.545234756479980209e+00
1.240397011552400564e+00 2.424333259416627140e+00 2.492346940424700286e+00
1.276723822202604053e+00 2.362645101439889483e+00 2.430810315046999293e+00
1.271931636478241145e+00 2.288613768999642861e+00 2.357512637244202125e+00
1.240289106147911102e+00 2.219640991790185591e+00 2.278924831234856452e+00
1.206821371033314882e+00 2.168904410427485718e+00 2.212762730815235113e+00
1.180164555664584114e+00 2.150220295962475880e+00 2.179960078543710988e+00
1.142403873562580108e+00 2.179245315632216684e+00 2.192144105732153125e+00
1.069581699659921448e+00 2.269281290024228070e+00 2.238563199614785226e+00
9.716447471562295046e-01 2.407276104144970397e+00 2.295663264117124847e+00
8.951336982693240962e-01 2.535714815462424720e+00 2.346136017805037444e+00
8.671319770875960398e-01 2.606496700978503611e+00 2.383765081329358715e+00
8.818685336411817843e-01 2.639723794418953773e+00 2.399704770504878848e+00
9.248728643257480009e-01 2.690926782876732037e+00 2.376381890568140420e+00
9.756898309304058436e-01 2.790115571286665208e+00 2.320288103358274512e+00
1.013263492438701396e+00 2.933319460958744518e+00 2.268651235719320702e+00
1.027005167908745076e+00 3.101497139432251693e+00 2.248535470500915512e+00
1.019220007302259035e+00 3.266129282821109481e+00 2.256639141434517271e+00
9.207564846128808433e-01 2.065238097058705868e+00 2.323511665828582817e+00
9.480088967955118129e-01 2.074828842752797886e+00 2.355825757348715133e+00
9.805202994485719969e-01 2.108369719565992284e+00 2.393461316379869697e+00
1.013270404113897794e+00 2.172759211122827772e+00 2.435212772056061237e+00
1.042457772907778413e+00 2.257673010045885498e+00 2.475285050328993819e+00
1.070218450749654604e+00 2.339649633163001230e+00 2.506399543787986239e+00
1.108026916156915176e+00 2.399215902801462796e+00 2.521589276628767973e+00
1.165666450658597197e+00 2.428043392387632338e+00 2.517712832607889695e+00
1.233829927989505082e+00 2.424367597327021340e+00 2.501743420958595809e+00
1.290633516356422872e+00 2.388518636231879988e+00 2.477358139089539613e+00
1.315845976481149426e+00 2.327031189115981835e+00 2.441706453294838486e+00
1.304097426056247677e+00 2.256858486824819821e+00 2.395361784908852432e+00
1.266143432044795514e+00 2.200980098158514142e+00 2.341112318966938943e+00
1.212861181457300042e+00 2.180783599160048603e+00 2.283761730620773367e+00
1.139001939376840689e+00 2.212069469902210983e+00 2.239397231038458003e+00
1.034669383311240587e+00 2.303371649441378732e+00 2.229288109840628529e+00
9.209367245770159194e-01 2.436439976636601390e+00 2.261043081942573085e+00
8.490072403151596170e-01 2.561545134401814749e+00 2.325626083880337980e+00
8.455204421557647176e-01 2.651861638087711359e+00 2.409547221508399950e+00
8.961659339222081133e-01 2.727017271156472411e+00 2.484522487199099405e+00
9.669106419625649318e-01 2.822799190842252059e+00 2.512087912423086156e+00
1.022709107693625885e+00 2.957083863195087758e+00 2.493830806865758642e+00
1.045787563954871935e+00 3.122827960282063220e+00 2.471847777003967739e+00
1.039916071040845935e+00 3.304106375231184778e+00 2.477116561836330000e+00
1.018654166419727503e+00 3.481020110172550641e+00 2.510437481089504264e+00
9.358821687067683248e-01 2.143079219267037594e+00 2.087279229058254693e+00
9.879806697398937354e-01 2.135340322596624318e+00 2.142633945770651582e+00
1.043886208916972258e+00 2.148766793336129854e+00 2.201641059264288103e+00
1.089848768979738702e+00 2.189692840014416664e+00 2.262415476527743330e+00
1.113371476575987229e+00 2.249496527029424264e+00 2.325220807865183037e+00
1.113910870766737338e+00 2.312702678534912515e+00 2.392171121354994767e+00
1.111971612321763114e+00 2.368204345694203017e+00 2.458367695255394558e+00
1.136736851415568683e+00 2.410051141451531542e+00 2.510375503769226135e+00
1.193719510308018927e+00 2.434859953940984756e+00 2.545989649950275435e+00
1.261581863169135342e+00 2.433283724067917930e+00 2.567924674238556637e+00
1.309765543218362804e+00 2.397019347367118858e+00 2.573454828896907021e+00
1.317861190539667549e+00 2.339412897940184699e+00 2.561491122533076314e+00
1.284787607957587507e+00 2.290663200359978724e+00 2.520386866461118203e+00
1.219606719357334335e+00 2.273640235428619594e+00 2.424213266669752009e+00
1.122712445305414697e+00 2.295227278349186939e+00 2.287266745219983743e+00
9.996594180378509664e-01 2.359691636127453584e+00 2.181575206978216386e+00
8.837203518236427247e-01 2.459040230008752825e+00 2.156727506903521885e+00
8.194003475662112734e-01 2.569442786664765332e+00 2.213361783417285178e+00
8.292272687766787387e-01 2.682348613835461304e+00 2.336297930275067269e+00
8.985823524861247247e-01 2.801967779838547834e+00 2.489148373826421512e+00
9.835856492706145371e-01 2.932910872487283882e+00 2.612692880265110595e+00
1.042200697564507728e+00 3.079119147907166010e+00 2.679618891700195515e+00
1.060855581500494083e+00 3.237288067429899385e+00 2.715937852705008204e+00
1.050873201669325629e+00 3.400980153889971991e+00 2.754802722232206680e+00
1.029385906442872090e+00 3.562007208919092172e+00 2.807863652700101298e+00
9.455372372147374804e-01 2.234508957089764269e+00 1.885785526604067508e+00
1.004128649984892041e+00 2.204789392553565985e+00 1.945704661951947134e+00
1.068421452573271591e+00 2.187626531646396533e+00 2.012751696189717610e+00
1.119919489913180133e+00 2.193471454017864808e+00 2.085895090018949016e+00
1.140491195205240782e+00 2.223735486500920455e+00 2.169568133222285589e+00
1.125223450866583041e+00 2.275103701315429383e+00 2.271736162644156565e+00
1.096522059195037313e+00 2.340153187758609921e+00 2.389961292093180756e+00
1.095299359010027507e+00 2.405939407168657507e+00 2.505032754944351847e+00
1.137462978068624064e+00 2.462543123160700453e+00 2.602649231674553310e+00
1.200859592206679594e+00 2.496213375671439305e+00 2.676674618027898411e+00
1.251056142856528108e+00 2.490703412235878211e+00 2.724297349921714684e+00
1.265345632072835347e+00 2.456156480374034334e+00 2.745016976750330961e+00
1.240965103462308150e+00 2.428264307321893245e+00 2.711220137083276693e+00
1.185480755703463451e+00 2.427581860816769410e+00 2.570130833344340893e+00
1.094064722907274412e+00 2.441666997273358675e+00 2.346070192495327333e+00
9.786800664694192964e-01 2.464254693989877509e+00 2.152989076579741035e+00
8.808187867168918439e-01 2.507713343038424192e+00 2.065447407973503680e+00
8.339930516467949362e-01 2.583722351503840997e+00 2.093314466885022096e+00
8.506127765358594273e-01 2.695647892096412424e+00 2.224818667431130770e+00
9.158025973307296619e-01 2.831166512730207252e+00 2.426037138444664176e+00
9.890826753238244340e-01 2.970810805265547305e+00 2.628045389093617956e+00
1.035862154538999880e+00 3.107365148591091586e+00 2.775618782969223375e+00
1.050236800479218635e+00 3.241806290834418292e+00 2.873279368363175656e+00
1.044129750651622057e+00 3.376599889875705252e+00 2.949551007352258836e+00
1.029458133891479887e+00 3.511895375278115239e+00 3.019757115927642843e+00
9.537529110002070931e-01 2.296639541899638814e+00 1.758722865878484143e+00
1.005919951813050162e+00 2.245326282548490759e+00 1.813565638409756042e+00
1.062702082720541563e+00 2.201502873881551192e+00 1.878747211789625116e+00
1.105752123772712592e+00 2.182526133936341761e+00 1.954644266200529890e+00
1.119867708558693442e+00 2.196615645428955155e+00 2.047154802263411177e+00
1.103257547306144559e+00 2.244221317799294901e+00 2.166649367191030073e+00
1.073482327758335853e+00 2.320871605295764084e+00 2.317106064450123348e+00
1.062802071465189124e+00 2.413814544271253304e+00 2.480354744856079208e+00
1.087748071867336241e+00 2.504878530382742774e+00 2.626676597233903898e+00
1.131030971250336803e+00 2.571769230292146879e+00 2.738054872388002714e+00
1.164948063459897210e+00 2.594956375076729937e+00 2.814777662767988797e+00
1.173368934163026678e+00 2.585366047766425535e+00 2.855777191567011819e+00
1.155025947917885709e+00 2.583712275633640143e+00 2.821325262056244121e+00
1.112701644631463260e+00 2.608258857456192459e+00 2.657705189742668672e+00
1.042008999150574322e+00 2.628035727357127094e+00 2.404254083490780847e+00
9.610908135439129030e-01 2.622951068624735260e+00 2.177423512542690176e+00
9.056396767559781180e-01 2.619730595045654198e+00 2.052276420306226257e+00
8.929039023635085837e-01 2.655034032076867945e+00 2.049532678980102052e+00
9.208841584969679195e-01 2.736582997043159438e+00 2.165993136984766032e+00
9.702499091221421512e-01 2.842280372305675318e+00 2.369745517778686139e+00
1.010897034095519897e+00 2.948083429786537035e+00 2.586370266714774324e+00
1.027687501910362622e+00 3.050414748295928735e+00 2.754991710592443077e+00
1.028590963250459067e+00 3.154665174891946755e+00 2.877449708388044591e+00
1.025617274660150624e+00 3.263067062216114422e+00 2.977283771559153358e+00
1.022588166892083761e+00 3.372803310172700186e+00 3.063173064547988211e+00
9.688978103383827367e-01 2.317021150182643652e+00 1.695479192931271362e+00
1.009210371406298323e+00 2.251384528706270149e+00 1.748349150066186741e+00
1.047582150497699205e+00 2.196489489591129107e+00 1.816000174788672705e+00
1.070484250874386145e+00 2.172672376741311417e+00 1.897431992912501419e+00
1.074807210628516252e+00 2.186439820228541109e+00 1.993135739193015121e+00
1.067940430668419483e+00 2.235348607063773141e+00 2.110259556902970512e+00
1.057357682737811722e+00 2.318081435271764246e+00 2.260392682574454692e+00
1.050084271698283667e+00 2.429924163792146263e+00 2.431567404129407972e+00
1.054893972426208748e+00 2.551376558268760864e+00 2.583022604040161152e+00
1.069701912125528231e+00 2.652287198123023604e+00 2.691265731409107520e+00
1.083509315988888222e+00 2.707742759803772437e+00 2.763975130830610638e+00
1.087040806042462560e+00 2.723727404630298832e+00 2.803134989009423261e+00
1.071881048065774333e+00 2.738936474120473807e+00 2.772944798039311376e+00
1.031055474778046044e+00 2.770815779388885680e+00 2.633686379650791665e+00
9.733510714020494614e-01 2.787567153221238492e+00 2.418414429768837692e+00
9.288122603028414748e-01 2.770527823530693823e+00 2.216407515604013057e+00
9.204571806723786942e-01 2.749803650756722728e+00 2.094546151953609936e+00
9.483111517986316796e-01 2.762260156234051856e+00 2.083491642821628798e+00
9.978335315462418809e-01 2.811040319170129642e+00 2.188346061881611959e+00
1.042934294226839365e+00 2.868774564550513606e+00 2.372350418131500938e+00
1.058805914469314047e+00 2.914743233014704948e+00 2.557410989706397242e+00
1.048741207833304934e+00 2.960119245604089677e+00 2.698880113467165831e+00
1.035873847822269100e+00 3.023188981908492501e+00 2.810230774367183937e+00
1.033809910068525406e+00 3.103601883412079765e+00 2.910403695520291656e+00
1.041055630473466387e+00 3.187900408627462046e+00 2.998779519420817774e+00
9.946181550187191966e-01 2.325179023910633358e+00 1.663509434632673090e+00
1.014870885098645648e+00 2.255686693318754266e+00 1.724261136600084843e+00
1.026925939871654592e+00 2.200182072863575922e+00 1.805729987900036360e+00
1.029193751208002272e+00 2.179482673154439443e+00 1.899531308071518376e+00
1.030890063474679597e+00 2.199150715390092881e+00 1.995974480753107905e+00
1.040178709229870435e+00 2.253927846026543946e+00 2.098962129087242445e+00
1.051112503193876613e+00 2.339891804192407943e+00 2.224260946614710299e+00
1.049371539257317076e+00 2.456662442270791669e+00 2.365355907814951308e+00
1.035817033591397207e+00 2.594899972267407762e+00 2.482694260855169421e+00
1.023283261783737075e+00 2.729909673905395628e+00 2.553254143580557134e+00
1.018087420859983938e+00 2.828547888714305625e+00 2.591601213517708224e+00
1.018058402946348862e+00 2.871763086546742283e+00 2.612977131717963974e+00
1.008820509707851754e+00 2.878727385285142937e+00 2.597901452631608876e+00
9.726969863688428308e-01 2.877841425388630192e+00 2.511526250654080528e+00
9.201848205657454649e-01 2.867667899998136871e+00 2.367042543689371392e+00
8.876546138844944034e-01 2.845599615753209743e+00 2.225747108521544337e+00
8.980383735475430118e-01 2.831208360828469495e+00 2.142837594273524271e+00
9.485440118952035427e-01 2.844457272153844141e+00 2.152813092640384340e+00
1.020617220509932199e+00 2.880810225540376912e+00 2.264081867725676656e+00
1.082037883901890485e+00 2.909411382702793869e+00 2.430052651248615803e+00
1.103985790270826328e+00 2.908614526960332736e+00 2.573940598185176842e+00
1.094958743408297908e+00 2.901416754944010634e+00 2.675451875474197827e+00
1.084978150509229300e+00 2.920402425240741007e+00 2.758901568912070612e+00
1.088735179945421683e+00 2.965666520962277009e+00 2.836825640655969316e+00
1.103262519332213865e+00 3.018298771641725775e+00 2.901818230166087975e+00
1.033699708712900955e+00 2.365467473271742449e+00 1.629148895141801390e+00
1.023223365620505865e+00 2.296589611737984260e+00 1.708365850503357652e+00
1.007068448477355993e+00 2.237793444687981914e+00 1.811128482289088071e+00
9.978797723005831122e-01 2.213510241251661181e+00 1.916847267893094786e+00
1.007293420429210995e+00 2.235004331109616604e+00 2.007840415589059013e+00
1.032024115970092693e+00 2.295267688779552895e+00 2.089935465711759033e+00
1.052397494738710026e+00 2.381906143439636470e+00 2.183129777711215080e+00
1.046693422943748786e+00 2.492540824391002552e+00 2.286991680983463837e+00
1.017746124321710077e+00 2.628284117184378488e+00 2.367742491624090118e+00
9.892864500850934162e-01 2.775995114960207566e+00 2.402210815357266327e+00
9.758570391453920134e-01 2.901195845134204365e+00 2.406995928255094785e+00
9.776792307716483110e-01 2.959516358905332822e+00 2.409598921172869002e+00
9.789595751346742425e-01 2.943179885350287517e+00 2.407711928205131358e+00
9.524475498372118043e-01 2.895565176527293172e+00 2.367655156156220464e+00
8.971021269394920949e-01 2.855158766553100413e+00 2.285577041176001245e+00
8.499851707521228761e-01 2.833298484382459126e+00 2.205345247726878011e+00
8.462916702295740778e-01 2.833374025975877508e+00 2.171154603458538723e+00
8.947469477242615543e-01 2.858903414954204525e+00 2.214630527879766664e+00
9.807814967089625302e-01 2.903476032149800989e+00 2.343626471056184712e+00
1.069377918698690477e+00 2.935222610344641936e+00 2.504066388069898341e+00
1.125144059623894410e+00 2.923074555624650905e+00 2.621300596307404085e+00
1.149790780032714288e+00 2.889199042770454806e+00 2.690651703843419895e+00
1.166616083427312489e+00 2.872879561875303800e+00 2.740379303700580138e+00
1.186829011255840394e+00 2.879911283118872234e+00 2.777478636763895281e+00
1.209638094353111981e+00 2.895309297303860774e+00 2.793189395326895585e+00
1.085165261479592802e+00 2.450055071553721042e+00 1.572022049703430069e+00
1.041864695054636192e+00 2.387561292223990606e+00 1.670933644942142582e+00
1.003204938015037850e+00 2.324035144443761247e+00 1.790655340993778211e+00
9.896122251314503071e-01 2.287339946088356335e+00 1.901671361753972889e+00
1.007267875610249774e+00 2.299340275544895729e+00 1.983013781948810728e+00
1.039576000682680190e+00 2.354578236325594709e+00 2.044715280553465853e+00
1.057445171350826163e+00 2.431580105641192979e+00 2.114546063066723658e+00
1.040224179529529058e+00 2.523182568864683617e+00 2.200971490547900089e+00
9.987399100079022984e-01 2.634899669796008315e+00 2.271181412665012722e+00
9.675961616885346839e-01 2.761181503327827524e+00 2.295239928120949902e+00
9.634989317254076813e-01 2.876000276947348944e+00 2.286447882401730247e+00
9.792435325534291080e-01 2.930627288165555733e+00 2.277169095098114937e+00
9.914648125927684186e-01 2.899493105236569779e+00 2.278129007479954282e+00
9.663939670714682961e-01 2.825152620369692613e+00 2.264376999637187637e+00
8.970913686395558528e-01 2.766062297687947424e+00 2.224097727032140703e+00
8.248085377116290973e-01 2.743319997331494786e+00 2.187187057585610717e+00
7.977681279120529823e-01 2.752917016048710419e+00 2.188968968840820928e+00
8.352221277357370077e-01 2.791664138152649244e+00 2.257373641275159937e+00
9.267608927832088339e-01 2.858148125083856073e+00 2.400346352050573895e+00
1.039234036831676367e+00 2.920023192907389653e+00 2.563552070364611080e+00
1.136125052626331566e+00 2.927328675345257203e+00 2.671923100823784036e+00
1.208640033925772128e+00 2.889707878758357218e+00 2.721772155176449992e+00
1.263705460843033812e+00 2.849254521195163647e+00 2.738662323357587081e+00
1.304505043741827297e+00 2.822259091774470541e+00 2.727415252522474187e+00
1.334404562927799631e+00 2.802094417788077330e+00 2.685266919980392686e+00
1.120986594379068668e+00 2.562431634988483697e+00 1.495567522829602147e+00
1.056636144004067912e+00 2.517552167843497557e+00 1.600745981745490765e+00
1.007054866754027334e+00 2.456661139299367580e+00 1.720102773020656173e+00
9.925837685390315190e-01 2.404618917795302568e+00 1.825032617125546430e+00
1.014253914922378819e+00 2.393553945724130827e+00 1.896913526322703492e+00
1.049762595683404687e+00 2.426035854893377142e+00 1.949034527358480151e+00
1.066323537089788331e+00 2.476901849052469018e+00 2.015869292724454809e+00
1.043100659790667351e+00 2.537110247726412915e+00 2.111013123396758395e+00
9.939449351632433372e-01 2.616119341328984493e+00 2.196765101192907466e+00
9.636051556705904630e-01 2.711058789428161919e+00 2.231387950271176202e+00
9.740375631748938723e-01 2.803372579280137611e+00 2.222488853684110754e+00
1.008540397340580430e+00 2.848994113445856513e+00 2.207120759981926028e+00
1.031059370211651283e+00 2.812616401132622901e+00 2.208443305337359774e+00
1.003529618130219347e+00 2.725747690035080328e+00 2.212545188669932106e+00
9.206681647049914652e-01 2.649297557127884950e+00 2.203385119238832512e+00
8.314954199852114813e-01 2.613184906948132546e+00 2.198096387310433109e+00
7.937215914549190510e-01 2.618313751750946938e+00 2.224361496902097723e+00
8.286213497266342598e-01 2.665205576902827556e+00 2.306947607787239729e+00
9.225853572575293260e-01 2.759973438852313166e+00 2.455283997227255099e+00
1.044326044304856094e+00 2.864184644475368913e+00 2.619171353167060623e+00
1.165079411887924854e+00 2.900673987106082485e+00 2.722878382485127258e+00
1.272693706886256937e+00 2.864550495982933320e+00 2.758667386268492727e+00
1.357229313952370342e+00 2.804477082897730345e+00 2.747648701568817575e+00
1.410214948160593451e+00 2.749468002376152409e+00 2.695710325059457624e+00
1.437076488647812456e+00 2.701210758119367839e+00 2.610313489433154999e+00
1.121775383175007024e+00 2.686509980772389117e+00 1.404630453416599423e+00
1.048026092051746350e+00 2.664657121381459604e+00 1.501214505806432564e+00
9.967837229501829155e-01 2.613589647542469585e+00 1.602068576532394539e+00
9.846215650439362754e-01 2.550128510297634321e+00 1.689505400873796859e+00
1.011383958903805169e+00 2.509057660652880273e+00 1.756113254052773520e+00
1.056669544405989480e+00 2.503226426762013901e+00 1.816891655405338701e+00
1.084747033426305407e+00 2.514934771056860363e+00 1.901811830361815892e+00
1.067320777774134699e+00 2.542941355759075428e+00 2.019873572590053179e+00
1.014661849451282905e+00 2.599432972246155771e+00 2.133098677268941756e+00
9.800232754950677361e-01 2.675511044098157765e+00 2.191077139506827365e+00
9.972552053900938240e-01 2.752518116479954369e+00 2.191414917138410079e+00
1.046742116973997216e+00 2.791393292381181723e+00 2.175917430532596342e+00
1.081467992769811648e+00 2.752259659502725331e+00 2.182085517800075536e+00
1.060343852192132896e+00 2.656392933514875043e+00 2.205908211423964094e+00
9.792897790406003278e-01 2.561371808410132456e+00 2.227407424518510926e+00
8.912909940966131650e-01 2.502467894819347283e+00 2.253447104325326134e+00
8.598816486733269482e-01 2.489784248419296464e+00 2.304222804616098852e+00
9.045065902341007380e-01 2.533203891543757358e+00 2.398049235937100399e+00
1.001710256236234331e+00 2.644938068602661119e+00 2.543744213406088139e+00
1.116403974501438023e+00 2.778699375694474227e+00 2.697768008915595317e+00
1.234582949114539696e+00 2.833522105388800227e+00 2.787889750426581603e+00
1.353857133821124048e+00 2.792226584531762867e+00 2.805338765465610784e+00
1.452144816669749261e+00 2.712259800375830920e+00 2.770132045676259480e+00
1.505756802073124456e+00 2.635658163000482723e+00 2.691002216971430272e+00
1.518121220427651741e+00 2.571152975041672395e+00 2.583161622599392526e+00
1.098756132056687651e+00 2.807188216703091488e+00 1.308845977325437948e+00
1.022901606108059802e+00 2.801229285955991077e+00 1.392285225535230264e+00
9.744715929580302083e-01 2.758705538342479446e+00 1.469992471406390777e+00
9.664298773369486284e-01 2.689918188471531302e+00 1.537128789492000491e+00
1.001155961899683255e+00 2.623638099480622987e+00 1.601745483729340780e+00
1.064360445558321988e+00 2.577051244450087708e+00 1.682344791999898170e+00
1.114479941006365049e+00 2.550377343744982817e+00 1.794022268339954929e+00
1.108579580276837895e+00 2.558504047614649224e+00 1.933567964532949768e+00
1.053764898295952657e+00 2.608850152514146092e+00 2.074592525153316380e+00
1.009852495793260418e+00 2.679827442120415792e+00 2.165032867550772178e+00
1.023508803565568170e+00 2.749106366963427472e+00 2.185046193208931342e+00
1.080709135528337139e+00 2.782677419570708466e+00 2.176821858841828661e+00
1.129832800066143506e+00 2.739574693380706361e+00 2.194103590427535888e+00
1.128051562506555694e+00 2.634859662718689766e+00 2.242744060190227096e+00
1.067795509274231058e+00 2.523931969910640838e+00 2.298981797846006980e+00
9.967296023457243859e-01 2.444342427519896166e+00 2.360403970938794060e+00
9.796154802175094378e-01 2.411364991336359953e+00 2.439337919941891197e+00
1.036833049134412210e+00 2.440089238349790968e+00 2.543517877197620791e+00
1.138021648578598555e+00 2.542656656369756352e+00 2.675877707437051001e+00
1.242068043219256346e+00 2.673198407564493451e+00 2.804287495399615526e+00
1.348056365508764731e+00 2.724805092623923564e+00 2.868991651361813222e+00
1.468870681225366903e+00 2.668149555506364567e+00 2.862562390698955905e+00
1.574608379917110668e+00 2.566783162268667873e+00 2.807541590587146363e+00
1.624559336955875066e+00 2.475385591990134415e+00 2.714584939510698902e+00
1.616896671627922277e+00 2.407626765558319892e+00 2.599724647178851100e+00
1.076052332742380324e+00 2.905704972522619833e+00 1.234481777220109322e+00
1.003718966678227575e+00 2.901480641830068485e+00 1.306890090084502409e+00
9.597219065213764555e-01 2.860176740574655430e+00 1.367550437239658745e+00
9.551457066527149209e-01 2.789490329211299802e+00 1.418583642122371868e+00
9.960213338422994056e-01 2.710708041215850628e+00 1.478854169616722780e+00
1.076029349801093549e+00 2.637623337171951299e+00 1.574243321543682406e+00
1.148131806045812331e+00 2.587155682941459034e+00 1.707513569821969668e+00
1.151198950514965791e+00 2.592335465074387724e+00 1.860394078011498920e+00
1.094023804869727057e+00 2.649633059900678766e+00 2.023462499211805099e+00
1.041695945552954639e+00 2.722856689571047983e+00 2.149705152022990173e+00
1.046757752826186438e+00 2.787407175149443805e+00 2.199407907121636363e+00
1.104756212409822469e+00 2.815795309808073910e+00 2.207717695699761506e+00
1.166659056915152703e+00 2.767471033484210530e+00 2.242385759668844347e+00
1.189348237049899337e+00 2.652861783128390716e+00 2.319013224690966268e+00
1.158466044724759447e+00 2.527830432080947265e+00 2.411270054368734428e+00
1.109651918199931142e+00 2.432843952577587565e+00 2.508355606021933859e+00
1.105347025248437198e+00 2.384207469785857736e+00 2.614970405992463220e+00
1.170776428781829415e+00 2.395293962032031043e+00 2.727204231606288776e+00
1.276777043620475727e+00 2.470586505737502936e+00 2.837336256079052710e+00
1.380430970577722016e+00 2.566994583725947798e+00 2.925843684748429929e+00
1.486577870294726766e+00 2.588945894881874210e+00 2.955078692170428400e+00
1.617957338495943365e+00 2.502390117875232800e+00 2.924281032759759924e+00
1.738473329021698044e+00 2.375640517928478967e+00 2.859501948844225261e+00
1.791121918735815832e+00 2.273375162531175775e+00 2.767611362893132476e+00
1.766192605705995788e+00 2.210679867667993292e+00 2.657103809035103126e+00
