1.041807713956941273e+00 1.496402368725753274e+00 2.692108648623086520e+00
1.176462791385604056e+00 1.543257397257449703e+00 2.524497675977735778e+00
1.313335266265606149e+00 1.627503007838218441e+00 2.363264418339001693e+00
1.411502535991742580e+00 1.731386462338028398e+00 2.239345877934475926e+00
1.438662796918093845e+00 1.836286830977043039e+00 2.184090885961363249e+00
1.388700534779846008e+00 1.937122412295798624e+00 2.208472396610078992e+00
1.288148725629939984e+00 2.036803099371307546e+00 2.272814566843627482e+00
1.185832702961881369e+00 2.126625049370336917e+00 2.290120811109768617e+00
1.110988700026389830e+00 2.177416661748914350e+00 2.195875209031397990e+00
1.054060902969306879e+00 2.170423762815886004e+00 2.014936196794387957e+00
1.004690686094334096e+00 2.131510850847620819e+00 1.840661270490419055e+00
9.674755007218357461e-01 2.103088951505717397e+00 1.731948108877459536e+00
9.402520511093857003e-01 2.097223068424925341e+00 1.687133112077422004e+00
9.193575445254609235e-01 2.108207161474882962e+00 1.695251910740046775e+00
9.047772865964900380e-01 2.135194090130525968e+00 1.755594955801471180e+00
8.949181571581880101e-01 2.182951243188191892e+00 1.869046765448585834e+00
8.877263646407455022e-01 2.246121807213969035e+00 2.025549832486432944e+00
8.750789584403129151e-01 2.295592065371945267e+00 2.183105822065924073e+00
8.367340085394645577e-01 2.296412338083732685e+00 2.263756065157618735e+00
7.739251072801778264e-01 2.258945015979721749e+00 2.226665408220736442e+00
7.458529757599150489e-01 2.231380248835646896e+00 2.129643333817644368e+00
8.052970299241639651e-01 2.256954219135101525e+00 2.035890537152243773e+00
9.423127738546770438e-01 2.370290852222416422e+00 1.953415902097886736e+00
1.122260628616915445e+00 2.552073403418726016e+00 1.875510418404556567e+00
1.308253706971288510e+00 2.737599619156310560e+00 1.812848477053700336e+00
9.894366632204972811e-01 1.636838679929580653e+00 2.638066793422368495e+00
1.107199592696901824e+00 1.677343932782024982e+00 2.474122822289075874e+00
1.227138357244264011e+00 1.749558733227822627e+00 2.316432930039781457e+00
1.313594867827184709e+00 1.841028679137305391e+00 2.194338019917745353e+00
1.340074793743952553e+00 1.936663050304841205e+00 2.136295848516086782e+00
1.304673743330177604e+00 2.026085124286765460e+00 2.152851452748998362e+00
1.233095475610807901e+00 2.099516302169333493e+00 2.218205360375369750e+00
1.164264081547682128e+00 2.147073900568706506e+00 2.260981839609809807e+00
1.113754696270794042e+00 2.167997288266735989e+00 2.201079211557486204e+00
1.067686440215693811e+00 2.161285700016688960e+00 2.043375566365287277e+00
1.015200115136604797e+00 2.131086073267238312e+00 1.883232041619867569e+00
9.615941196656123680e-01 2.097461107531537028e+00 1.779576248917310810e+00
9.156327478147830989e-01 2.074806756792424878e+00 1.730393127913074425e+00
8.865521969932133040e-01 2.070324986142161983e+00 1.727724976050669881e+00
8.791779463475988265e-01 2.093288511200343649e+00 1.773158472055261337e+00
8.882656009410415665e-01 2.151183040239184940e+00 1.870693448009653981e+00
9.002582339155168478e-01 2.233827572275448592e+00 2.020098720690996608e+00
8.994823726624934235e-01 2.306677568552642832e+00 2.197322455283915676e+00
8.746314581933514187e-01 2.330209515463491421e+00 2.332928946625730138e+00
8.267789578177983101e-01 2.299288782573893908e+00 2.355079297431101004e+00
7.983672988305728913e-01 2.255764185505371611e+00 2.283441478308591677e+00
8.396379144420600404e-01 2.253252274111429365e+00 2.196005977744749149e+00
9.441401051661777455e-01 2.331141390036788330e+00 2.131552847669403672e+00
1.079727715662317067e+00 2.473960405241736549e+00 2.092039567732736138e+00
1.221997374146405413e+00 2.624297911605131262e+00 2.078267871840293601e+00
9.383887857250123865e-01 1.810392433502270304e+00 2.568637179603214360e+00
1.027500152258022492e+00 1.846790338834182865e+00 2.422938790449118862e+00
1.120766688207921469e+00 1.908898675792185085e+00 2.282037806321822515e+00
1.190900035924714384e+00 1.984831899076346939e+00 2.172107182684968940e+00
1.218872474331036404e+00 2.059569719750564243e+00 2.119992065963504757e+00
1.207038486863666771e+00 2.117903860997498278e+00 2.136898384008178109e+00
1.174152519755877089e+00 2.146250510453384219e+00 2.205785830831439309e+00
1.139209026956750970e+00 2.147306009001130445e+00 2.267098920886463365e+00
1.108782715629953675e+00 2.143028435007164667e+00 2.235098531866382299e+00
1.072493148921370931e+00 2.139556268200954126e+00 2.101357495108266971e+00
1.019801460798078097e+00 2.124565939524454272e+00 1.958506041923683494e+00
9.561851335109894379e-01 2.094647965820223945e+00 1.861591423990376803e+00
8.955382637789628397e-01 2.056378591606326189e+00 1.806090109120374709e+00
8.582693762560131834e-01 2.027207950298760775e+00 1.788479619198155568e+00
8.566041069718894896e-01 2.032119969670812765e+00 1.815561058600710043e+00
8.848877171686169163e-01 2.089278712071431787e+00 1.895374192998800833e+00
9.208261701209425887e-01 2.189925257426486915e+00 2.035762853153008756e+00
9.367984235183990371e-01 2.292756207295258530e+00 2.227848766917172263e+00
9.248688929131385628e-01 2.350494174329762043e+00 2.415020503106427796e+00
8.933863141773821237e-01 2.345713754575201371e+00 2.511215948391582131e+00
8.696829100017443581e-01 2.308577138966394493e+00 2.491921482342992267e+00
8.928391236398262043e-01 2.293128632941445311e+00 2.423424527693165853e+00
9.660833619107747072e-01 2.340705194605621653e+00 2.373066538241524359e+00
1.066550098184033457e+00 2.442431928477652558e+00 2.359903233920642052e+00
1.177465405352234207e+00 2.552986092510280525e+00 2.379327200597310288e+00
9.184516141437408798e-01 1.995180422542857990e+00 2.489435726511960212e+00
9.760328433057472441e-01 2.025468909519335892e+00 2.372870086851286420e+00
1.039567756871518922e+00 2.075488695589328803e+00 2.261118661617798953e+00
1.090773614366328026e+00 2.129072260041212861e+00 2.175745294648668171e+00
1.118577106058545434e+00 2.167898182768652315e+00 2.141783528983226326e+00
1.126868241440673213e+00 2.177074670517685551e+00 2.171004791275630730e+00
1.122354754816498712e+00 2.154596304127184947e+00 2.249157505148834613e+00
1.108073928425380883e+00 2.122590757753938018e+00 2.321742535268059626e+00
1.091540828656566875e+00 2.108858109023881156e+00 2.307517982335704598e+00
1.067138261980993486e+00 2.115667302910812175e+00 2.197995932303643318e+00
1.023187045967556941e+00 2.123651544873537134e+00 2.078477426733298827e+00
9.634080113350532715e-01 2.110566749710994117e+00 1.995236363036360761e+00
9.000894548437572418e-01 2.067633587131890494e+00 1.937751034750485379e+00
8.590765931091146612e-01 2.014031156924919408e+00 1.902737439374517336e+00
8.609980966996404472e-01 1.988973235540182571e+00 1.903923090239441063e+00
9.026871320806759691e-01 2.027468622075420335e+00 1.958493043471823736e+00
9.572014798829757698e-01 2.132648699443145723e+00 2.084386011736885980e+00
9.867820158048529189e-01 2.263715830433136844e+00 2.282989878304755305e+00
9.805689826885549687e-01 2.364918907953887484e+00 2.504904861944257988e+00
9.548637404148990759e-01 2.407370507177042374e+00 2.663267769123788931e+00
9.344024565428173945e-01 2.406490514393900160e+00 2.711469786793760939e+00
9.470716304952121467e-01 2.401167021133793877e+00 2.685420021384316236e+00
1.001420520288846205e+00 2.425439561475309702e+00 2.651019182742311298e+00
1.084039889998384965e+00 2.482373987577800811e+00 2.642264132873869187e+00
1.180981071683218753e+00 2.547070625403616173e+00 2.660017504723256820e+00
9.594346755085492173e-01 2.148620433130742136e+00 2.427501078850541116e+00
9.893430010844976863e-01 2.167615116671290476e+00 2.342387085220828169e+00
1.024936695675795262e+00 2.198192433459215334e+00 2.265631527710080029e+00
1.055329072453021988e+00 2.220320676427751216e+00 2.214375614312196205e+00
1.074861004285114108e+00 2.214785022728365416e+00 2.210042609232002686e+00
1.085061753090827752e+00 2.177775181570583030e+00 2.261033428896317421e+00
1.084628550387648716e+00 2.127638264373172383e+00 2.349462190380144477e+00
1.076138915561485554e+00 2.093179642806780816e+00 2.422973969327868904e+00
1.071582518471776879e+00 2.088670621304521191e+00 2.415080342521488177e+00
1.063490897138285929e+00 2.109749311181847276e+00 2.329587436542190027e+00
1.037321229801938083e+00 2.139857583301224331e+00 2.239614465577603575e+00
9.946754828701847018e-01 2.148671621589223424e+00 2.178550306177632123e+00
9.436916926876576239e-01 2.115072230374118956e+00 2.129700624891211813e+00
9.072860831699822715e-01 2.052131692355456227e+00 2.082625732213883918e+00
9.116482848148543816e-01 2.002370752680794119e+00 2.053750170098782135e+00
9.580736434324100825e-01 2.014667344087501810e+00 2.073083165742731993e+00
1.018232089934102413e+00 2.110935318240455327e+00 2.173061343977507054e+00
1.050061654720016557e+00 2.260305717505442402e+00 2.360167686905965567e+00
1.037316448597388030e+00 2.401137116539259431e+00 2.581253588000082644e+00
9.987440862484801007e-01 2.492744368114400810e+00 2.754856662815686086e+00
9.680186367360573696e-01 2.534237242605663631e+00 2.841893034289900921e+00
9.759273910934810337e-01 2.543685843663045620e+00 2.858840210179918184e+00
1.030624707198204426e+00 2.543366007646425953e+00 2.842517699432320022e+00
1.116731629901414280e+00 2.548486430228858346e+00 2.821100075578454103e+00
1.215233828666673288e+00 2.558656618448596820e+00 2.806139467646655561e+00
1.053539088773931542e+00 2.228785146631082181e+00 2.402497556431911985e+00
1.061231559170982885e+00 2.232627621223850056e+00 2.346797384610322279e+00
1.071519145781946625e+00 2.238217740318604765e+00 2.305577658699529131e+00
1.079568034140437449e+00 2.228599383395953204e+00 2.292442992604635243e+00
1.082742650373020865e+00 2.193196849856985153e+00 2.321579269669525214e+00
1.080141393998030441e+00 2.143743386752849478e+00 2.392806390362059332e+00
1.070849381972848402e+00 2.105626618317109067e+00 2.483667071838674190e+00
1.063296700368489001e+00 2.093830771626415288e+00 2.547717400586575920e+00
1.068594985349024418e+00 2.104813098936366700e+00 2.538111492702256555e+00
1.074368167665095131e+00 2.133646153931831435e+00 2.472061222293405969e+00
1.064503381171525875e+00 2.172311289980740412e+00 2.408826607123835117e+00
1.041668348587750037e+00 2.193699238566805487e+00 2.371496902177179678e+00
1.013324704194469517e+00 2.175018612726323575e+00 2.342035774873829190e+00
9.929520042948278835e-01 2.123653621664936431e+00 2.298614860780937352e+00
1.003210382083131069e+00 2.073318643939018990e+00 2.249719646178288457e+00
1.048556886639787411e+00 2.072763221368083109e+00 2.231697254334573444e+00
1.102153583476048526e+00 2.158565300775283635e+00 2.289387770859773408e+00
1.122769510828295791e+00 2.314793019032289401e+00 2.430316125363421786e+00
1.089397030220153439e+00 2.480324443317418304e+00 2.597666681137016376e+00
1.021459653316587168e+00 2.604631885676965464e+00 2.728955202313796846e+00
9.672471223972145538e-01 2.665745838903908815e+00 2.807466102649768924e+00
9.689355378718266243e-01 2.665202580200252580e+00 2.837997361589379430e+00
1.032123989288399546e+00 2.626642680677107045e+00 2.823420330775563869e+00
1.129818993615985034e+00 2.578575408945443570e+00 2.774029367930179735e+00
1.230113531603178600e+00 2.539309308412058375e+00 2.708342227811157521e+00
1.156402074278567449e+00 2.237296482646621065e+00 2.403365873741386771e+00
1.147939279438368931e+00 2.224221671831257741e+00 2.375409527920776309e+00
1.138695311403360888e+00 2.208055280502675188e+00 2.366189034874729202e+00
1.129472796342862129e+00 2.183325075191511200e+00 2.385636393963386226e+00
1.120182268417506455e+00 2.152628753965064146e+00 2.439055796520245512e+00
1.108363535902816999e+00 2.129991216008022992e+00 2.519223523779117624e+00
1.092889916297860253e+00 2.126820108388498998e+00 2.604404904260987141e+00
1.082323813279403080e+00 2.139946320769977373e+00 2.656973870864121512e+00
1.086202725383355272e+00 2.158846938073823107e+00 2.645453674812615397e+00
1.093499074096026202e+00 2.183617565620223466e+00 2.591530064820481982e+00
1.090038168030462051e+00 2.214704224765225327e+00 2.542900752646158224e+00
1.080923880277881111e+00 2.233164329279932581e+00 2.519122174059396091e+00
1.075420605740471380e+00 2.221974026003948666e+00 2.506219267593007505e+00
1.078569318668291643e+00 2.188784853372897743e+00 2.476146939506736810e+00
1.101474842161245693e+00 2.158424275325316888e+00 2.424032543904614645e+00
1.145366386804733683e+00 2.168444188837901798e+00 2.378520512408916598e+00
1.184759819277906079e+00 2.255433201495123274e+00 2.382938602809508311e+00
1.180932024809289382e+00 2.415314904787939199e+00 2.446232107901440855e+00
1.114360248076756932e+00 2.594757910175111704e+00 2.526377681351536619e+00
1.013235963468506418e+00 2.732630468399020351e+00 2.591046811106983316e+00
9.379699720122078865e-01 2.786000301474230501e+00 2.639074357227864542e+00
9.325635283023927524e-01 2.756883118412588818e+00 2.659740842676268091e+00
9.964744237626756984e-01 2.683382923320483560e+00 2.625894450633545762e+00
1.092971915739954003e+00 2.601615355060004298e+00 2.533147707278677885e+00
1.179975368463485053e+00 2.535820601176006939e+00 2.409411514431849977e+00
1.234453297837641461e+00 2.206664036803648532e+00 2.398336390042286936e+00
1.216098892269879661e+00 2.182456295197183316e+00 2.391163822237360126e+00
1.195986477290176930e+00 2.158105408822525106e+00 2.401916726198278340e+00
1.178766875883298759e+00 2.139147872199760769e+00 2.438746835406345070e+00
1.166001994799058306e+00 2.135051056799864622e+00 2.502876135738617780e+00
1.153601497613770732e+00 2.152172159807033580e+00 2.584986578673688751e+00
1.136084148747286804e+00 2.184238487661431360e+00 2.665708417892134197e+00
1.117123514195767831e+00 2.215579151470161712e+00 2.714878913324768828e+00
1.107605261082698078e+00 2.235750122504690740e+00 2.709153305800453548e+00
1.105246057448150854e+00 2.249173460979809747e+00 2.664303813800192433e+00
1.101819721752515635e+00 2.261787808993253712e+00 2.617036966358844641e+00
1.101822981030245341e+00 2.264138872782469392e+00 2.587736517110054812e+00
1.112587448933582523e+00 2.247384868621397747e+00 2.570866308018780355e+00
1.135315803004482538e+00 2.221737508561456131e+00 2.544495646806407496e+00
1.170168350472664542e+00 2.210926335762437134e+00 2.497527617229505559e+00
1.208962504162076179e+00 2.245258722158157916e+00 2.442866865963143841e+00
1.225562094629633947e+00 2.351222481051002955e+00 2.407756986334573135e+00
1.186875540469521262e+00 2.523001232826768359e+00 2.401459279748184183e+00
1.085313189619562246e+00 2.705721664794574544e+00 2.406212340544679140e+00
9.629563910057306053e-01 2.827114361825239452e+00 2.414422720720763138e+00
8.810044986459639738e-01 2.851334460460229536e+00 2.427947933080309983e+00
8.729898412094452276e-01 2.804332113015739036e+00 2.421420201867473310e+00
9.320505695672827162e-01 2.728144433460558016e+00 2.352730309996596159e+00
1.020493112879548692e+00 2.646666728742649077e+00 2.217566836710635148e+00
1.095756369896348836e+00 2.577438186842834877e+00 2.058713948658088988e+00
1.279544084069571541e+00 2.158745095722280904e+00 2.355038432328648845e+00
1.252750496067443819e+00 2.133926270663415892e+00 2.354704920231192489e+00
1.224676011693419664e+00 2.115004242835157644e+00 2.369970246476157172e+00
1.202757440738305261e+00 2.111582052374433527e+00 2.411928834060026006e+00
1.190207000205599552e+00 2.133454164879466930e+00 2.483091028269135858e+00
1.181478674642762794e+00 2.183041999918626352e+00 2.572456293121954563e+00
1.166159844821780700e+00 2.246201470737810624e+00 2.659111522548938122e+00
1.142065249239487601e+00 2.296513732477250880e+00 2.715703791003032830e+00
1.120681973465469161e+00 2.317296933925986568e+00 2.720792285982307490e+00
1.109003258799081681e+00 2.314359969016437812e+00 2.681472492992356571e+00
1.105450894111293048e+00 2.301545824591999079e+00 2.624854953947754144e+00
1.111925153734785399e+00 2.281353743055562155e+00 2.573400237339699803e+00
1.131656798033309208e+00 2.251853100435748267e+00 2.534958732099025447e+00
1.163703054134735293e+00 2.223878336269909717e+00 2.504025763285486761e+00
1.200214590701567552e+00 2.223497529106184700e+00 2.471214036206140552e+00
1.223399808011742973e+00 2.280750917925748578e+00 2.431092150873843227e+00
1.207914883200608358e+00 2.412000537897423413e+00 2.386430578989217288e+00
1.132352953024537090e+00 2.594080914561850193e+00 2.341359574831453294e+00
1.005633740833672629e+00 2.753352457483079441e+00 2.297251690570278893e+00
8.768022665266220761e-01 2.824547701360073493e+00 2.263742580569731100e+00
7.994435016040618569e-01 2.816926837502139680e+00 2.240659671366498351e+00
7.981598418808936168e-01 2.781296608544974180e+00 2.193868373992506893e+00
8.622666008254598058e-01 2.741401394857693852e+00 2.086191058863641423e+00
9.542689463059914612e-01 2.693953843168472861e+00 1.928855929672058211e+00
1.033146717610676335e+00 2.643583282364847964e+00 1.772372422178190687e+00
1.292621984797895696e+00 2.104567569018326534e+00 2.260397763108987323e+00
1.254618414746018207e+00 2.090594484023852395e+00 2.257464092047052784e+00
1.217836302964867112e+00 2.088246736248142277e+00 2.273952983693649621e+00
1.192507978820371850e+00 2.105066993441150114e+00 2.324087943789628241e+00
1.182367212971818793e+00 2.147339097617911197e+00 2.409373403819626613e+00
1.179091877820535483e+00 2.216731873199902836e+00 2.515254188234709254e+00
1.169235330341277468e+00 2.300693508441132185e+00 2.616650716575827040e+00
1.149749534884210389e+00 2.366430799870533175e+00 2.683739053062881297e+00
1.131157898914761040e+00 2.383078904042880364e+00 2.694830677049590673e+00
1.119472497573964276e+00 2.357605939399104233e+00 2.654468157496916003e+00
1.113570314807431183e+00 2.318672839047737355e+00 2.584602292827382186e+00
1.117850042417205092e+00 2.279417571096158390e+00 2.510377910231626153e+00
1.138481394612357089e+00 2.240006795488851843e+00 2.454519414480965445e+00
1.171901171735041380e+00 2.209600526386303887e+00 2.426767686776774013e+00
1.201389197323901037e+00 2.213836787866344302e+00 2.419388634341321342e+00
1.202355760285296782e+00 2.282623603889185837e+00 2.409951662719988175e+00
1.153447634007911393e+00 2.426005410059372647e+00 2.376219504819782724e+00
1.048899261019551776e+00 2.600380930094280174e+00 2.313861514259578200e+00
9.121302325739044647e-01 2.715203488252511121e+00 2.236485475537945078e+00
7.904864474850968881e-01 2.735388018810068989e+00 2.164705563629142127e+00
7.281976566687154984e-01 2.716700963229181642e+00 2.096449249853003849e+00
7.442203459355609674e-01 2.714153365587982591e+00 2.000270668327952972e+00
8.247629571993992936e-01 2.730018851430932258e+00 1.860033440132428550e+00
9.296856487632854105e-01 2.740214183019503036e+00 1.703442077533851684e+00
1.018046145929845769e+00 2.733769433891677370e+00 1.571710881903015000e+00
1.283014514929906147e+00 2.057814607436178722e+00 2.128897441535800183e+00
1.235126990984371398e+00 2.064826916982800409e+00 2.131036534778043556e+00
1.192158244595144412e+00 2.086942273185540930e+00 2.161638301278739682e+00
1.164860640367858302e+00 2.127023569969676675e+00 2.230478382158432638e+00
1.156859271354349072e+00 2.186244151089519860e+00 2.334176354510221429e+00
1.158460851217364862e+00 2.263913884463483406e+00 2.457138631315376909e+00
1.156770842602734550e+00 2.350016003829870304e+00 2.572598559023467235e+00
1.153050639646718611e+00 2.413238485017747958e+00 2.646914036306278639e+00
1.153692111048340463e+00 2.416227836084110958e+00 2.660174681689729592e+00
1.151160741424895217e+00 2.369383569698681580e+00 2.619395453732104251e+00
1.139583473709075090e+00 2.310922623864732017e+00 2.544255489666015446e+00
1.132459878375125628e+00 2.258513978979082459e+00 2.462082958551135015e+00
1.145570216174683909e+00 2.213972126785571426e+00 2.403648440537732967e+00
1.173257561278964411e+00 2.185100461337335265e+00 2.385518879700357697e+00
1.190381175226128629e+00 2.193773870974657481e+00 2.401520169258016590e+00
1.168371280938556911e+00 2.266184581469034676e+00 2.420886520444340828e+00
1.093203271531701493e+00 2.406477993280254690e+00 2.404764747238141265e+00
9.757763627964617381e-01 2.559050299710498244e+00 2.337880194629723629e+00
8.479205754145667795e-01 2.636130960215488095e+00 2.235755568521874626e+00
7.500198164816958002e-01 2.635949603567746991e+00 2.122286721910402019e+00
7.158418652617615230e-01 2.633029876566921335e+00 1.996320317283241330e+00
7.555266811891038214e-01 2.670759041315514892e+00 1.843325476978403543e+00
8.495947806265740088e-01 2.740793792972725740e+00 1.677476739909755654e+00
9.574509667241563049e-01 2.816466850334678362e+00 1.534984592429050831e+00
1.043781913649947324e+00 2.875593381402136384e+00 1.436519555096257061e+00
1.268338064287552802e+00 2.031173625718156295e+00 1.995108308949698372e+00
1.218652659417662099e+00 2.058960763061073340e+00 2.016913864350653007e+00
1.173685070413475140e+00 2.104570190096036075e+00 2.071323567069317306e+00
1.143892366001485694e+00 2.167107777453776585e+00 2.161163492533793917e+00
1.135188017309749942e+00 2.240810871024178308e+00 2.279843956150002793e+00
1.139489183289997154e+00 2.317990812376095278e+00 2.414481968602106399e+00
1.147506101429188519e+00 2.387875246904888726e+00 2.540293344420627264e+00
1.166151395773142863e+00 2.430042170296796922e+00 2.621506885776357265e+00
1.195020905048004511e+00 2.418872144886633269e+00 2.642129733462938557e+00
1.211452713614001642e+00 2.362915238926659001e+00 2.612665797489396979e+00
1.202512566495913759e+00 2.293139833402751293e+00 2.550562347561071697e+00
1.184882830307598667e+00 2.228837203187861160e+00 2.479561798186243227e+00
1.181181520174797495e+00 2.179110807969693475e+00 2.427112586245116610e+00
1.189493452116075600e+00 2.154715507530393204e+00 2.411039261904725617e+00
1.183639211871497565e+00 2.173568077222467920e+00 2.430040873977216798e+00
1.134530380781531456e+00 2.254355278335640644e+00 2.456536422488199367e+00
1.038846257574652210e+00 2.389884199202758630e+00 2.450561826420289080e+00
9.254078900458133639e-01 2.518476165559920599e+00 2.388939781370063020e+00
8.268793720094719246e-01 2.574749455622486138e+00 2.276112567975450585e+00
7.695161324384864887e-01 2.583807856812869286e+00 2.126831807444439892e+00
7.716951239922491546e-01 2.615975232257609306e+00 1.942976162477181079e+00
8.298122610599707460e-01 2.697578878207794517e+00 1.738303950839668044e+00
9.188765806329423080e-01 2.816505354717412146e+00 1.556520732901051973e+00
1.006403002940789992e+00 2.953731273009738700e+00 1.433598617216768956e+00
1.071278993963561632e+00 3.085793452918896396e+00 1.370185541030800369e+00
1.254616040257709342e+00 2.031021626585051809e+00 1.892073083368674080e+00
1.214509776519780093e+00 2.067517623849532971e+00 1.934350973433813570e+00
1.176475612981240593e+00 2.125054925171488307e+00 2.006781312958056951e+00
1.148464156430420546e+00 2.201610428489366278e+00 2.110531443852128763e+00
1.136877813774876067e+00 2.283374071800115424e+00 2.239031055801433467e+00
1.137270998798204591e+00 2.352320774758839050e+00 2.383730189175959691e+00
1.148102174197784597e+00 2.398172086546237924e+00 2.522658533811337200e+00
1.183117278048960719e+00 2.419152823717222400e+00 2.617352659967214557e+00
1.237720671431336017e+00 2.407197114025652507e+00 2.655536773502075398e+00
1.281680169779237488e+00 2.359193513644839424e+00 2.651474486359298055e+00
1.292267818056569428e+00 2.287902971090964854e+00 2.619460475617767514e+00
1.274718492812226156e+00 2.213294769294444464e+00 2.574039032072640509e+00
1.249727323450895877e+00 2.156548930347955473e+00 2.529902713104644540e+00
1.224988737974909814e+00 2.136787053184943108e+00 2.498509323266627558e+00
1.182879149955073705e+00 2.169736595717180361e+00 2.485091523828794280e+00
1.099510389341927574e+00 2.264522796831874629e+00 2.480022759555439826e+00
9.848005220609461485e-01 2.399337264041803142e+00 2.461419912408475685e+00
8.844990295045431772e-01 2.509801374964901299e+00 2.407617130858127119e+00
8.288286805074693842e-01 2.559791633418945445e+00 2.307368405081533957e+00
8.245471525748833130e-01 2.593844149790644593e+00 2.152990708277830123e+00
8.654556252498643021e-01 2.670143251183934030e+00 1.942192598303476458e+00
9.297240705842942932e-01 2.798197847098880420e+00 1.714322385928737980e+00
9.939899297557445168e-01 2.960854833269853881e+00 1.532495881930858284e+00
1.044767566040486484e+00 3.143109448972370323e+00 1.428170984305707325e+00
1.079037873795306357e+00 3.325347275523665935e+00 1.391031521652155378e+00
1.235883552146956887e+00 2.052043262737369034e+00 1.829523352327739216e+00
1.213472541603660027e+00 2.087541917304888361e+00 1.882263748159627159e+00
1.193279651474235203e+00 2.142632960989898638e+00 1.960637379452289109e+00
1.176254627443094281e+00 2.215735245187682168e+00 2.068742782234433086e+00
1.161898331343262036e+00 2.290345667413296926e+00 2.204591204635147683e+00
1.148246439505123950e+00 2.345932789351384606e+00 2.364399800651681538e+00
1.145616236353709905e+00 2.377846404088764576e+00 2.526377654608014556e+00
1.178790085891957995e+00 2.395534529105610044e+00 2.647025530266652549e+00
1.246944035523431138e+00 2.398673645781543406e+00 2.713620196359930681e+00
1.318091984945576778e+00 2.372583562626480624e+00 2.742481505026034938e+00
1.357622522875801652e+00 2.311627258925142758e+00 2.745445858552607810e+00
1.352473661409048233e+00 2.234550580182165458e+00 2.729914782838961607e+00
1.314439514204960080e+00 2.174365817012519297e+00 2.693637866028321781e+00
1.257820468948339876e+00 2.158058941542913001e+00 2.624847952938058171e+00
1.176555438436425849e+00 2.197479517436288887e+00 2.530724314994382773e+00
1.060201600309139236e+00 2.292753477648478366e+00 2.443577130239142914e+00
9.341081463794081996e-01 2.415254971597599276e+00 2.381485554685753847e+00
8.510953757674224462e-01 2.511974129780887299e+00 2.331536333136175365e+00
8.378181179116894750e-01 2.573256355926053729e+00 2.270659736255115302e+00
8.859274988843499621e-01 2.643844177228438674e+00 2.165307937776677072e+00
9.621679991527513076e-01 2.762471194328857127e+00 1.992956636482299704e+00
1.026552576338070955e+00 2.925958354392483862e+00 1.793584109182893904e+00
1.062894324567002613e+00 3.113114099314990391e+00 1.634191154516428712e+00
1.078853199863598400e+00 3.309931824864912553e+00 1.545867994843984849e+00
1.086978616415542387e+00 3.502724297937795495e+00 1.520788327632611958e+00
1.214811331440009079e+00 2.082320923811617597e+00 1.807057133073456834e+00
1.209160302597944936e+00 2.114704428549476489e+00 1.860107712279791325e+00
1.207131487828463134e+00 2.158009868766851191e+00 1.936589126044278464e+00
1.202497576862046280e+00 2.210173157920327647e+00 2.043101795110661811e+00
1.185796229679941360e+00 2.262069640106880275e+00 2.184917099739821289e+00
1.153119295467648797e+00 2.306439113348947245e+00 2.364018715721602160e+00
1.124763482008100723e+00 2.343898856478462633e+00 2.557860890993602254e+00
1.140575029545080943e+00 2.377039354867357623e+00 2.717266062791676262e+00
1.208436959844973124e+00 2.403488419937802156e+00 2.822497559723949223e+00
1.294929340141667717e+00 2.405050041707218256e+00 2.885968748223632918e+00
1.356481273718273428e+00 2.364043032060846095e+00 2.918450920885213407e+00
1.367837032184106238e+00 2.296883926219301042e+00 2.925620269682714270e+00
1.332184008170026468e+00 2.245230730495796578e+00 2.886942473730670145e+00
1.263989862059234470e+00 2.235832256818999220e+00 2.753693583215063079e+00
1.160471335877659271e+00 2.266504496311110284e+00 2.536731153155850294e+00
1.026852548521835828e+00 2.330863090375245861e+00 2.334040816356742098e+00
9.054258610074296110e-01 2.413600431089486964e+00 2.210414568542709013e+00
8.437923927040053007e-01 2.493535893784694313e+00 2.159329548529146603e+00
8.614950314666767195e-01 2.578983114000401144e+00 2.150095938155008213e+00
9.431934422526413453e-01 2.692661397050031713e+00 2.134068234072611148e+00
1.040366950132886936e+00 2.841228877925166429e+00 2.065462784928150164e+00
1.105177417938427276e+00 3.011784591197997685e+00 1.955395124567178122e+00
1.127017478600956135e+00 3.190251187482639583e+00 1.852694507212288455e+00
1.123511605388431311e+00 3.372098091186451985e+00 1.789722753736184169e+00
1.114635090416555840e+00 3.552376491515032431e+00 1.771857038170711940e+00
1.207429201035625566e+00 2.112224434277229612e+00 1.828567632232788842e+00
1.209882100925194548e+00 2.140242458846757234e+00 1.876832992396912259e+00
1.214309163594805785e+00 2.166065538237626598e+00 1.949473652317217587e+00
1.210913422426101116e+00 2.190063641065984168e+00 2.053349597351559197e+00
1.187530715727984409e+00 2.217587242293580285e+00 2.198173540776490853e+00
1.139874251905904412e+00 2.257750496348703173e+00 2.390691993610213562e+00
1.092321371587688272e+00 2.311895062958233549e+00 2.610336818140972959e+00
1.091122003058250023e+00 2.369612014611210071e+00 2.806883120075159610e+00
1.147867220140752931e+00 2.420914678037755063e+00 2.950152324744715227e+00
1.228892716890565895e+00 2.447165565860871972e+00 3.041187404104080283e+00
1.292062834135195404e+00 2.428305214628770692e+00 3.090770941727302379e+00
1.312788988039382820e+00 2.381721647150571108e+00 3.103670248388936237e+00
1.291073107333857717e+00 2.354218613363542545e+00 3.040163129517049256e+00
1.235817221712419034e+00 2.365401901997732814e+00 2.830144685375278080e+00
1.137139989558211051e+00 2.389514935350323555e+00 2.509550414460071099e+00
1.011519272969632732e+00 2.410153063139341967e+00 2.222203463147268465e+00
9.135271570171783484e-01 2.437644942743371956e+00 2.050270569803880338e+00
8.793102702958371930e-01 2.491143069656331477e+00 1.991411614258509211e+00
9.158026716192625427e-01 2.587199209180488957e+00 2.015671256730128036e+00
1.003138965900413293e+00 2.723560776478310963e+00 2.075824820079863464e+00
1.095063140093639475e+00 2.879086514806451280e+00 2.116140250051477878e+00
1.152685884450102671e+00 3.033244660699032202e+00 2.114234037403363686e+00
1.170843417007866538e+00 3.181368856807468948e+00 2.088912635640073123e+00
1.164879845383247847e+00 3.330298003938727991e+00 2.065488613397457041e+00
1.151315613395055282e+00 3.482960890015571742e+00 2.057696338383743662e+00
1.228926410541554270e+00 2.132073249714216523e+00 1.889737099410177645e+00
1.228283770655319129e+00 2.153216716311469270e+00 1.935611899212037912e+00
1.223010877852370060e+00 2.162003844398526553e+00 2.010002259163121252e+00
1.203179756793544941e+00 2.166681385974235763e+00 2.117998942215481684e+00
1.163386729999202451e+00 2.182957631803153831e+00 2.265054351945718913e+00
1.109860085059092061e+00 2.223994950724029529e+00 2.453563337454321758e+00
1.064763882912715731e+00 2.290864445546906047e+00 2.668021418181048432e+00
1.058691254843621810e+00 2.370350851823562088e+00 2.867400597297624198e+00
1.098402248623769228e+00 2.443932433635662704e+00 3.015136133581546307e+00
1.158537741708705937e+00 2.489453883851612481e+00 3.104277195295389369e+00
1.209631497503734110e+00 2.491778247830038762e+00 3.147612645986236135e+00
1.233870822113677601e+00 2.473020879452918486e+00 3.144729973297914150e+00
1.225723943364197766e+00 2.480294609132536188e+00 3.046691754913092076e+00
1.181825236969663795e+00 2.522815797108603153e+00 2.798685345504441813e+00
1.097137512103360413e+00 2.554184456687873528e+00 2.458927929186221384e+00
1.003056279110841498e+00 2.547578494001986993e+00 2.160828968398325056e+00
9.487260434494356742e-01 2.532983982108325982e+00 1.975907491062316668e+00
9.510979323807252639e-01 2.556901021501337024e+00 1.911293957809510724e+00
1.001124799882240568e+00 2.637549623821577427e+00 1.948602400130046153e+00
1.074572766934339674e+00 2.758653279738722208e+00 2.048062486752025180e+00
1.138245498608737805e+00 2.890567664518220781e+00 2.149378010279790363e+00
1.173331905628452798e+00 3.014223558719438589e+00 2.212643607742678320e+00
1.184542180317300630e+00 3.128351531735796609e+00 2.241412266397460051e+00
1.184077792606593738e+00 3.239868689121501610e+00 2.253359747613254527e+00
1.180813058423585638e+00 3.350444693934941487e+00 2.259437365726816527e+00
1.276096649707025632e+00 2.131975949141088122e+00 1.974291101635738066e+00
1.259143299645073100e+00 2.149579107298183356e+00 2.026855638391689585e+00
1.226695572715138294e+00 2.152981654172752890e+00 2.115665904314578238e+00
1.175118871713276114e+00 2.156699803738775678e+00 2.240314629327845086e+00
1.115058069140507424e+00 2.176855070100859102e+00 2.390756025713396848e+00
1.066647450524838447e+00 2.221482298550756518e+00 2.554189674752700423e+00
1.043022213457454939e+00 2.290926892761367295e+00 2.718666106288637252e+00
1.046404964863419274e+00 2.378484418267760248e+00 2.860230961135992622e+00
1.071996235066910330e+00 2.469069177750528254e+00 2.951526054138238209e+00
1.108670993170146835e+00 2.541264675173602328e+00 2.991076123723300562e+00
1.145109653474968514e+00 2.579014999921714679e+00 2.995665769212841667e+00
1.169643273743250056e+00 2.596086743046430723e+00 2.963150188753460146e+00
1.165433131059013583e+00 2.628308876430490937e+00 2.853214924704702060e+00
1.118890885752467312e+00 2.677632681419384930e+00 2.633954708763406760e+00
1.044376600275117362e+00 2.700491830059816412e+00 2.354712116771603636e+00
9.865016238497461565e-01 2.679774322139357068e+00 2.109875176270027630e+00
9.772672558625354888e-01 2.652828601403279141e+00 1.955512672506973360e+00
1.014193470484948900e+00 2.664569401111963831e+00 1.908478198416308835e+00
1.076684241496991490e+00 2.726613399124566239e+00 1.963678679994869114e+00
1.137562161497766677e+00 2.817223193437067064e+00 2.083636803568100326e+00
1.173742978689201966e+00 2.907668142805088785e+00 2.202202959444400587e+00
1.185044046990253230e+00 2.986777014329485169e+00 2.281226946325260130e+00
1.188329080524737513e+00 3.059853424941194167e+00 2.327758262932962285e+00
1.195753312372849653e+00 3.131020654520736191e+00 2.356534714638627737e+00
1.210145852486773865e+00 3.195138735441806599e+00 2.372125398454658196e+00
1.320119915971508018e+00 2.125559556344271961e+00 2.070550289129574395e+00
1.271396095166372309e+00 2.148358214235767338e+00 2.143822919632963675e+00
1.200568347646035594e+00 2.156968738868587643e+00 2.259927175184626158e+00
1.120362769401116010e+00 2.167280055793449733e+00 2.404695301766476057e+00
1.054765194964769393e+00 2.195327536472817975e+00 2.547910418742488137e+00
1.021633258575278091e+00 2.246314787196430629e+00 2.665899290711293723e+00
1.020314069542645363e+00 2.317225035339458561e+00 2.749741732948060235e+00
1.036334553292438398e+00 2.405871008583917448e+00 2.790499635985667304e+00
1.054432159505935385e+00 2.513460049671835783e+00 2.783364560212992167e+00
1.068558306159598015e+00 2.630332335203015681e+00 2.740638147897463739e+00
1.083686925454637517e+00 2.725919241583040442e+00 2.683704459622501926e+00
1.100652173263628519e+00 2.776741102075339640e+00 2.620250841568289246e+00
1.101568057214885155e+00 2.793442220464528614e+00 2.526034484449241724e+00
1.066379456691667116e+00 2.793563954170516173e+00 2.372427773135878493e+00
1.009679018166767417e+00 2.774978241133565948e+00 2.184311563310463278e+00
9.720887420085824182e-01 2.745004563461578062e+00 2.024089672893282454e+00
9.781971393385950897e-01 2.730211935130919088e+00 1.934275246814221472e+00
1.025031606232700288e+00 2.753195596737338047e+00 1.934950773040564176e+00
1.093568592866589473e+00 2.814524644396757758e+00 2.027470416372320283e+00
1.155503551937439477e+00 2.888269983861162071e+00 2.168339823470998073e+00
1.187375010687972576e+00 2.941704337820273629e+00 2.286426299536814088e+00
1.195069033544237103e+00 2.970564445179981306e+00 2.357432075944054795e+00
1.201689896150178072e+00 2.994551262676877545e+00 2.399552863254094337e+00
1.219645431033776761e+00 3.021932136687421888e+00 2.426361829417700733e+00
1.248294389468656229e+00 3.045406270336725729e+00 2.436963687771419362e+00
1.321979933603554258e+00 2.143184974459215297e+00 2.186977628547192687e+00
1.239189385056944870e+00 2.173821034028880828e+00 2.289538155009828380e+00
1.142997811101894579e+00 2.186181907800598179e+00 2.431165440178114423e+00
1.060408344912578293e+00 2.197559664916911348e+00 2.580080085238416920e+00
1.010731267542164247e+00 2.229219693787170886e+00 2.693949727641727243e+00
9.937146498490482260e-01 2.287463067106970005e+00 2.749986664972887684e+00
9.979421412472129216e-01 2.365746128358858336e+00 2.745834767656175845e+00
1.010714369296658699e+00 2.461995513860073537e+00 2.685486967091978094e+00
1.019097175377233766e+00 2.585610156129148685e+00 2.585251978295489916e+00
1.017733896953856298e+00 2.733248947573736043e+00 2.470271344312598760e+00
1.019075321306159854e+00 2.862472118700317480e+00 2.362606043949369905e+00
1.034797823048046350e+00 2.918119812044587480e+00 2.276071844282461232e+00
1.053142627721613822e+00 2.889221093654392281e+00 2.199893154134670681e+00
1.046227355970780204e+00 2.820834244926277989e+00 2.104500217956271957e+00
1.009233985447731685e+00 2.760582713180048220e+00 1.994764280525951561e+00
9.695266857136035643e-01 2.730843709790650387e+00 1.913573708350242653e+00
9.570095701004039945e-01 2.738209993285042998e+00 1.893214670674887135e+00
9.862149896652397940e-01 2.783820915908887805e+00 1.951559664673784278e+00
1.051723807486862450e+00 2.861457048522735747e+00 2.090558343951523845e+00
1.126318422447872614e+00 2.939634068911401332e+00 2.258744976077372790e+00
1.178540763676341196e+00 2.973036454125838723e+00 2.380099882294439695e+00
1.207324269267126660e+00 2.961783339864184850e+00 2.442598322923899445e+00
1.231926573141934211e+00 2.941801493233951792e+00 2.473220891607349703e+00
1.262567359964065661e+00 2.929639426735326069e+00 2.483745786966470082e+00
1.298745223122811598e+00 2.920416457841512159e+00 2.470793034287424028e+00
1.271562918563351463e+00 2.198514924528077952e+00 2.336341894573124023e+00
1.179859307721796036e+00 2.237267124645062832e+00 2.455392617827678592e+00
1.092111646594538410e+00 2.250448087118365859e+00 2.599494924803651408e+00
1.033568640652442028e+00 2.255588348027674606e+00 2.727332332023634009e+00
1.006505759104129760e+00 2.281948525811499540e+00 2.794064089679094476e+00
9.942257923341999426e-01 2.342222334745247991e+00 2.781776306235945739e+00
9.836755895122319959e-01 2.429342564942851279e+00 2.699756675413073737e+00
9.731532035132035574e-01 2.533846689393434826e+00 2.568199355451117327e+00
9.638015689327812385e-01 2.652935822431356172e+00 2.415410343302187179e+00
9.584952047553069177e-01 2.779758137737474044e+00 2.267295704091079500e+00
9.694729899830438757e-01 2.883136057822075493e+00 2.137064391196779489e+00
1.004640145764162051e+00 2.913104307017852612e+00 2.034263431476722062e+00
1.047711398551714579e+00 2.851157192621085468e+00 1.959331190866361094e+00
1.062986533968296010e+00 2.748170731795627653e+00 1.895151821638141998e+00
1.032502269224022662e+00 2.671344104459338453e+00 1.838896352206351503e+00
9.769852589803291742e-01 2.647966601874128578e+00 1.815225704703632204e+00
9.350217139967268443e-01 2.674326744458486615e+00 1.846694880304269093e+00
9.386962208482183545e-01 2.742966289302119165e+00 1.949573582009665573e+00
9.969810535633870652e-01 2.847253431634547916e+00 2.126970550484270195e+00
1.086144799111684156e+00 2.947723039663779687e+00 2.324086062714819434e+00
1.168051964313815416e+00 2.980358280954521710e+00 2.459090257257545709e+00
1.230483139183248698e+00 2.946687443116281280e+00 2.522242962236616926e+00
1.280847783236046977e+00 2.895478031434780775e+00 2.541710280597802907e+00
1.323276646640985765e+00 2.852325491794061030e+00 2.527628353656385052e+00
1.359829644473523169e+00 2.816536969440019966e+00 2.480615436343854174e+00
1.199509728500984806e+00 2.301846748751606331e+00 2.503880979861380141e+00
1.128263148407976146e+00 2.344661425239042529e+00 2.613076684478623957e+00
1.074041436922693382e+00 2.353536977331835089e+00 2.730500234159891182e+00
1.048441323593978902e+00 2.343109732152574676e+00 2.816670965222531464e+00
1.038117132129146913e+00 2.351311920854822546e+00 2.830492957640625917e+00
1.020359463455991822e+00 2.404841658847792552e+00 2.757687762118213204e+00
9.868733491735139918e-01 2.496858503860503564e+00 2.620291857795818746e+00
9.466015174027442303e-01 2.599285316017498904e+00 2.455337644264301566e+00
9.154161971229032302e-01 2.689864505264502714e+00 2.290497578312466587e+00
9.087495448373120732e-01 2.765040558999519948e+00 2.136362137655176685e+00
9.389585659109787041e-01 2.819194289568769385e+00 1.994839455503553571e+00
1.002852144670063561e+00 2.820769468966726201e+00 1.875488900941579384e+00
1.069817754366975349e+00 2.747249089417732382e+00 1.793050085979319475e+00
1.097350196203950690e+00 2.637567209272091873e+00 1.746871318386146843e+00
1.066182672664891307e+00 2.555336116559397741e+00 1.730079074871444300e+00
9.989239780127771029e-01 2.530543899133733010e+00 1.748887637447334997e+00
9.411288581581912505e-01 2.562357110955705952e+00 1.816449650999259591e+00
9.322448088218366902e-01 2.646923319894697535e+00 1.949583706060892485e+00
9.855356544466150615e-01 2.781253817332935530e+00 2.154426768952955040e+00
1.079701073682197254e+00 2.913250125376662503e+00 2.375233549596994287e+00
1.180274110495218798e+00 2.955517606313313284e+00 2.525150999915484196e+00
1.271175978048475264e+00 2.909170875365655107e+00 2.592242093783794665e+00
1.344629573306723502e+00 2.834923575598231604e+00 2.601284009390059992e+00
1.393579464748580188e+00 2.767916270681876068e+00 2.562607089385975812e+00
1.421501945420434287e+00 2.711698340834677978e+00 2.486346757147486208e+00
1.128884113850088466e+00 2.460937357633196765e+00 2.654038611035063777e+00
1.090398713444868939e+00 2.490817937982560792e+00 2.728230025232683431e+00
1.074718127017706415e+00 2.481069681452271691e+00 2.797820518154355174e+00
1.078672324698926710e+00 2.442667943978272582e+00 2.834808314891403391e+00
1.081947043893625393e+00 2.420446217191211336e+00 2.807191355203055849e+00
1.062224558445218126e+00 2.460128833912333501e+00 2.697167141053862238e+00
1.012881945359880742e+00 2.553788999872139698e+00 2.529959079112847675e+00
9.499696377096431554e-01 2.648259209524278290e+00 2.357014180106723256e+00
8.982268009102478690e-01 2.708018595940639539e+00 2.199370408674835353e+00
8.833276218608506758e-01 2.738030253725551866e+00 2.047485081475624913e+00
9.237283520147848703e-01 2.753464409814794678e+00 1.895698609858383676e+00
1.009199180657472716e+00 2.737119724235121065e+00 1.760275486312459448e+00
1.094562577026172434e+00 2.661905574159919130e+00 1.672821673653479113e+00
1.132713100458039968e+00 2.553051317616304772e+00 1.644917661856867497e+00
1.107712829871116522e+00 2.466215067944289352e+00 1.663844813290118019e+00
1.045398816985329438e+00 2.432180933402435574e+00 1.720907582030061445e+00
9.946225193912561213e-01 2.455810984233563143e+00 1.821107071584273207e+00
9.936619487622064817e-01 2.541341473225713354e+00 1.979693119379450250e+00
1.048133573065206381e+00 2.691760252598183190e+00 2.203908202294301510e+00
1.133992944251167367e+00 2.845358117698001177e+00 2.438461713015936283e+00
1.232513786224989971e+00 2.893898379193009074e+00 2.594715081133081025e+00
1.337189549477929784e+00 2.834338050181412605e+00 2.659681251686374370e+00
1.426149388949999652e+00 2.738756620659408725e+00 2.656817044270932904e+00
1.475815877480080252e+00 2.653036104859547439e+00 2.599180520338790323e+00
1.487671536869206168e+00 2.584849307541303709e+00 2.505683262470171702e+00
1.063590684516999119e+00 2.665492343071663495e+00 2.745825327442946051e+00
1.059399806950691358e+00 2.657395910778908910e+00 2.769913170721783224e+00
1.075177291635571519e+00 2.612104364012129309e+00 2.790666146406981518e+00
1.101309010927588261e+00 2.535429750364808221e+00 2.792636872165673800e+00
1.120967603419832814e+00 2.474305832911826375e+00 2.750606557964875076e+00
1.111239387480181584e+00 2.494889326143874708e+00 2.632207681028854829e+00
1.056760923819785258e+00 2.591418805414588356e+00 2.451904738701771613e+00
9.798391360565061881e-01 2.684336712514096224e+00 2.277139755359405271e+00
9.114108806183469635e-01 2.727511822924776563e+00 2.129537570010365144e+00
8.813792894793153199e-01 2.731589275245671189e+00 1.983180898730420916e+00
9.172106717905613715e-01 2.724422910586608904e+00 1.824644275753656952e+00
1.010068194734206948e+00 2.698900227151310727e+00 1.677709030786987965e+00
1.106846703306512136e+00 2.623892559269851876e+00 1.591629593135572396e+00
1.159028005225939406e+00 2.515632774634597446e+00 1.586021350038924194e+00
1.152717132512099729e+00 2.425725426966044207e+00 1.641176975050524067e+00
1.112281807200231398e+00 2.384150681049010512e+00 1.737416088229492006e+00
1.084862513224581493e+00 2.396186592757167499e+00 1.872147398765147130e+00
1.104095470998051498e+00 2.468193531029927001e+00 2.053998136261845797e+00
1.164973428842363212e+00 2.606404914776847992e+00 2.286533362726475005e+00
1.238889173759047946e+00 2.753914878472079497e+00 2.520865270051239726e+00
1.326135112892153911e+00 2.795506536106482365e+00 2.672869231649929844e+00
1.437723232603458356e+00 2.716316009913633422e+00 2.728149705436234029e+00
1.540408532694276911e+00 2.596979935488388680e+00 2.713706276826654218e+00
1.590452811313462167e+00 2.496195793558698917e+00 2.646107708534056968e+00
1.583726358199621487e+00 2.425252024869881673e+00 2.546801021046271707e+00
1.017910814530199382e+00 2.878410805037852960e+00 2.764939090859496851e+00
1.042212696179000142e+00 2.815255156803418757e+00 2.744740056611233658e+00
1.075781900924523748e+00 2.727152085653299807e+00 2.735637064291542409e+00
1.113729735230516660e+00 2.610667050719191362e+00 2.725820903365433701e+00
1.149781085588907681e+00 2.510667187734753725e+00 2.691174624975081198e+00
1.158486495628399116e+00 2.510315883600760856e+00 2.583325234669195503e+00
1.104850698525140729e+00 2.612872276160419727e+00 2.396496936840100567e+00
1.017587829826825718e+00 2.715086095711551906e+00 2.215188911440986619e+00
9.372948343795387549e-01 2.756916528892577656e+00 2.074281671602871580e+00
8.914709807805003550e-01 2.750991272724525594e+00 1.937552240507483425e+00
9.130244521286894344e-01 2.732801067402411910e+00 1.780782027168961834e+00
1.001001563393721927e+00 2.703472112854964582e+00 1.630565579622792693e+00
1.102585278483654951e+00 2.629088296796970869e+00 1.552155330100043251e+00
1.170195675755140385e+00 2.520279813279490799e+00 1.571228430667260145e+00
1.189048316635050728e+00 2.428419952565509909e+00 1.661899100861372824e+00
1.177732487113289261e+00 2.383246337927808600e+00 1.796396515921511838e+00
1.178315551411238005e+00 2.386486380138558516e+00 1.964491723002063761e+00
1.219174052236545958e+00 2.439644609952840604e+00 2.164903593077766697e+00
1.289048940956524225e+00 2.545588643501648818e+00 2.394067381629243485e+00
1.358857150205352360e+00 2.659308879741330678e+00 2.614038814599917160e+00
1.443174276167563663e+00 2.674317467986807362e+00 2.752282990895225101e+00
1.569182972844580526e+00 2.563356751926566091e+00 2.794827476917846720e+00
1.694195905711966210e+00 2.414241463058501846e+00 2.775686339063632602e+00
1.753219371940928806e+00 2.298995377055335521e+00 2.711070315125666763e+00
1.732782703759624621e+00 2.230710597061476008e+00 2.616367160921214463e+00
